Freq	dPhi	Gain
1	0.00	0.00
1	-0.17	-0.00
2	-0.17	-0.00
3	-0.20	-0.00
4	0.10	0.00
5	-0.29	-0.00
6	-0.29	-0.00
7	-0.35	-0.00
8	-0.62	-0.00
9	-0.59	-0.00
10	10.05	-0.00
11	-0.59	-0.00
12	-0.58	-0.00
13	-0.85	-0.00
14	-1.04	-0.00
15	-0.74	-0.00
16	-1.00	-0.00
17	-0.88	-0.00
18	-1.01	-0.00
19	-1.12	-0.00
20	-1.47	-0.00
21	-1.66	-0.00
22	-1.38	-0.01
23	-0.98	-0.00
24	-1.28	-0.01
25	-1.42	-0.01
26	-1.99	-0.01
27	8.50	-0.01
28	-2.08	-0.01
29	-1.89	-0.01
30	-1.90	-0.01
31	-2.07	-0.01
32	-2.07	-0.01
33	-2.21	-0.01
34	-2.24	-0.01
35	-2.40	-0.01
36	-2.41	-0.01
37	-2.57	-0.01
38	-2.43	-0.01
39	-2.75	-0.02
40	-2.92	-0.02
41	-2.79	-0.02
42	-3.09	-0.02
43	-3.27	-0.02
44	-3.36	-0.02
45	-3.29	-0.02
46	-3.54	-0.03
47	-3.77	-0.03
48	-3.94	-0.03
49	-4.13	-0.03
50	-4.29	-0.03
51	-4.45	-0.04
52	-4.62	-0.04
53	-4.80	-0.04
54	-4.97	-0.04
55	-5.15	-0.05
56	-5.31	-0.05
57	-5.48	-0.05
58	-5.65	-0.06
59	-5.81	-0.06
60	-5.99	-0.06
61	-6.15	-0.06
62	-6.32	-0.07
63	-6.49	-0.07
64	-6.66	-0.07
65	-6.83	-0.08
66	-6.99	-0.08
67	-7.16	-0.09
68	-7.33	-0.09
69	-7.49	-0.09
70	-7.66	-0.10
71	-7.83	-0.10
72	-8.00	-0.11
73	-8.17	-0.11
74	-8.33	-0.11
75	-8.51	-0.12
76	-8.49	-0.13
77	-8.88	-0.13
78	-8.95	-0.13
79	-9.27	-0.13
80	-9.58	-0.13
81	-9.72	-0.14
82	-9.62	-0.16
83	-9.83	-0.15
84	-9.91	-0.18
85	-10.17	-0.18
86	-10.33	-0.18
87	-10.32	-0.17
88	-10.85	-0.19
89	-10.69	-0.18
90	-10.65	-0.19
91	-11.07	-0.19
92	-11.43	-0.21
93	-11.30	-0.21
94	-11.69	-0.22
95	-11.79	-0.22
96	-11.94	-0.23
97	-12.11	-0.23
98	-12.26	-0.24
99	-12.42	-0.25
100	-12.59	-0.25
101	-12.75	-0.26
102	-12.91	-0.26
103	-13.07	-0.27
104	-13.23	-0.28
105	-13.39	-0.28
106	-13.54	-0.29
107	-13.70	-0.30
108	-13.86	-0.30
109	-14.02	-0.31
110	-14.18	-0.32
111	-14.34	-0.33
112	-14.50	-0.33
113	-14.65	-0.34
114	-14.81	-0.35
115	-14.97	-0.35
116	-15.12	-0.36
117	-15.28	-0.37
118	-15.43	-0.38
119	-15.59	-0.38
120	-15.75	-0.39
121	-15.90	-0.40
122	-16.06	-0.41
123	-16.21	-0.41
124	-16.36	-0.42
125	-16.51	-0.43
126	-16.67	-0.44
127	-16.82	-0.45
128	-16.97	-0.45
129	-17.13	-0.46
130	-17.28	-0.47
131	-17.43	-0.48
132	-17.58	-0.49
133	-17.73	-0.49
134	-17.89	-0.50
135	-18.03	-0.51
136	-18.19	-0.52
137	-18.41	-0.53
138	-18.42	-0.54
139	-18.61	-0.55
140	-18.85	-0.55
141	-18.89	-0.57
142	-19.00	-0.58
143	-19.29	-0.58
144	-19.36	-0.58
145	-19.46	-0.60
146	-19.61	-0.60
147	-19.86	-0.62
148	-19.90	-0.63
149	-20.26	-0.64
150	-20.31	-0.65
151	-20.47	-0.66
152	-20.50	-0.66
153	-20.75	-0.67
154	-20.73	-0.68
155	-20.84	-0.69
156	-21.12	-0.70
157	-21.26	-0.71
158	-21.40	-0.72
159	-21.55	-0.73
160	-21.69	-0.74
161	-21.83	-0.75
162	-21.97	-0.76
163	-22.11	-0.77
164	-22.25	-0.78
165	-22.39	-0.79
166	-22.53	-0.80
167	-22.67	-0.81
168	-22.81	-0.82
169	-22.95	-0.83
170	-23.09	-0.84
171	-23.23	-0.85
172	-23.36	-0.86
173	-23.50	-0.87
174	-23.64	-0.88
175	-23.78	-0.89
176	-23.91	-0.90
177	-24.05	-0.91
178	-24.19	-0.93
179	-24.32	-0.94
180	-24.46	-0.95
181	-24.59	-0.96
182	-24.72	-0.97
183	-24.86	-0.98
184	-24.99	-0.99
185	-25.13	-1.00
186	-25.26	-1.01
187	-25.39	-1.02
188	-25.52	-1.03
189	-25.65	-1.04
190	-25.78	-1.06
191	-25.92	-1.07
192	-26.05	-1.08
193	-26.18	-1.09
194	-26.31	-1.10
195	-26.44	-1.11
196	-26.56	-1.12
197	-26.68	-1.13
198	-26.83	-1.14
199	-26.95	-1.16
200	-27.07	-1.17
201	-27.21	-1.18
202	-27.34	-1.19
203	-27.45	-1.20
204	-27.58	-1.21
205	-27.72	-1.23
206	-27.84	-1.24
207	-27.95	-1.25
208	-28.09	-1.26
209	-28.20	-1.27
210	-28.31	-1.28
211	-28.45	-1.29
212	-28.59	-1.31
213	-28.69	-1.32
214	-28.83	-1.33
215	-28.95	-1.34
216	-29.07	-1.35
217	-29.19	-1.37
218	-29.31	-1.38
219	-29.43	-1.39
220	-29.55	-1.40
221	-29.67	-1.41
222	-29.79	-1.43
223	-29.91	-1.44
224	-30.03	-1.45
225	-30.15	-1.46
226	-30.27	-1.47
227	-30.38	-1.49
228	-30.50	-1.50
229	-30.62	-1.51
230	-30.73	-1.52
231	-30.85	-1.54
232	-30.97	-1.55
233	-31.08	-1.56
234	-31.20	-1.57
235	-31.31	-1.58
236	-31.43	-1.60
237	-31.54	-1.61
238	-31.66	-1.62
239	-31.77	-1.63
240	-31.88	-1.65
241	-32.00	-1.66
242	-32.11	-1.67
243	-32.22	-1.68
244	-32.33	-1.70
245	-32.44	-1.71
246	-32.55	-1.72
247	-32.67	-1.73
248	-32.77	-1.75
249	-32.89	-1.76
250	-32.99	-1.77
251	-33.10	-1.78
252	-33.21	-1.80
253	-33.32	-1.81
254	-33.43	-1.82
255	-33.58	-1.84
256	-33.68	-1.85
257	-33.73	-1.86
258	-33.88	-1.87
259	-33.94	-1.89
260	-34.05	-1.90
261	-34.14	-1.91
262	-34.31	-1.92
263	-34.37	-1.94
264	-34.51	-1.95
265	-34.61	-1.96
266	-34.72	-1.98
267	-34.82	-1.99
268	-34.89	-2.00
269	-34.96	-2.01
270	-35.11	-2.03
271	-35.19	-2.04
272	-35.31	-2.05
273	-35.42	-2.07
274	-35.56	-2.08
275	-35.64	-2.09
276	-35.72	-2.11
277	-35.82	-2.12
278	-35.92	-2.13
279	-36.02	-2.15
280	-36.12	-2.16
281	-36.22	-2.17
282	-36.32	-2.18
283	-36.42	-2.20
284	-36.52	-2.21
285	-36.61	-2.22
286	-36.71	-2.24
287	-36.81	-2.25
288	-36.90	-2.26
289	-37.00	-2.28
290	-37.09	-2.29
291	-37.19	-2.30
292	-37.29	-2.32
293	-37.38	-2.33
294	-37.48	-2.34
295	-37.57	-2.35
296	-37.67	-2.37
297	-37.76	-2.38
298	-37.85	-2.39
299	-37.95	-2.41
300	-38.04	-2.42
301	-38.13	-2.43
302	-38.23	-2.45
303	-38.32	-2.46
304	-38.41	-2.47
305	-38.50	-2.49
306	-38.59	-2.50
307	-38.68	-2.51
308	-38.77	-2.53
309	-38.86	-2.54
310	-38.95	-2.55
311	-39.04	-2.57
312	-39.13	-2.58
313	-39.22	-2.59
314	-39.31	-2.61
315	-39.40	-2.62
316	-39.50	-2.63
317	-39.57	-2.65
318	-39.66	-2.66
319	-39.74	-2.67
320	-39.83	-2.69
321	-39.91	-2.70
322	-40.01	-2.71
323	-40.09	-2.73
324	-40.19	-2.74
325	-40.26	-2.75
326	-40.35	-2.76
327	-40.45	-2.78
328	-40.51	-2.79
329	-40.60	-2.81
330	-40.69	-2.82
331	-40.77	-2.83
332	-40.85	-2.84
333	-40.95	-2.86
334	-41.02	-2.87
335	-41.10	-2.88
336	-41.19	-2.90
337	-41.27	-2.91
338	-41.35	-2.92
339	-41.43	-2.94
340	-41.51	-2.95
341	-41.59	-2.96
342	-41.67	-2.98
343	-41.75	-2.99
344	-41.83	-3.00
345	-41.91	-3.02
346	-41.99	-3.03
347	-42.07	-3.04
348	-42.15	-3.06
349	-42.23	-3.07
350	-42.31	-3.08
351	-42.39	-3.10
352	-42.46	-3.11
353	-42.54	-3.12
354	-42.62	-3.14
355	-42.69	-3.15
356	-42.77	-3.16
357	-42.85	-3.18
358	-42.92	-3.19
359	-43.00	-3.20
360	-43.08	-3.22
361	-43.15	-3.23
362	-43.23	-3.24
363	-43.30	-3.26
364	-43.38	-3.27
365	-43.45	-3.28
366	-43.52	-3.30
367	-43.60	-3.31
368	-43.67	-3.32
369	-43.74	-3.34
370	-43.82	-3.35
371	-43.89	-3.36
372	-43.96	-3.38
373	-44.03	-3.39
374	-44.11	-3.40
375	-44.19	-3.42
376	-44.26	-3.43
377	-44.31	-3.44
378	-44.40	-3.45
379	-44.46	-3.47
380	-44.53	-3.48
381	-44.60	-3.49
382	-44.69	-3.51
383	-44.74	-3.52
384	-44.82	-3.53
385	-44.89	-3.55
386	-44.96	-3.56
387	-45.02	-3.57
388	-45.10	-3.59
389	-45.14	-3.60
390	-45.20	-3.61
391	-45.29	-3.63
392	-45.37	-3.64
393	-45.42	-3.65
394	-45.51	-3.67
395	-45.56	-3.68
396	-45.63	-3.69
397	-45.70	-3.71
398	-45.77	-3.72
399	-45.83	-3.73
400	-45.89	-3.74
401	-45.96	-3.76
402	-46.03	-3.77
403	-46.09	-3.78
404	-46.16	-3.80
405	-46.22	-3.81
406	-46.29	-3.82
407	-46.35	-3.84
408	-46.42	-3.85
409	-46.48	-3.86
410	-46.54	-3.87
411	-46.61	-3.89
412	-46.67	-3.90
413	-46.73	-3.91
414	-46.79	-3.93
415	-46.86	-3.94
416	-46.92	-3.95
417	-46.98	-3.97
418	-47.05	-3.98
419	-47.11	-3.99
420	-47.17	-4.00
421	-47.23	-4.02
422	-47.29	-4.03
423	-47.35	-4.04
424	-47.41	-4.06
425	-47.47	-4.07
426	-47.53	-4.08
427	-47.60	-4.10
428	-47.65	-4.11
429	-47.71	-4.12
430	-47.77	-4.13
431	-47.83	-4.15
432	-47.89	-4.16
433	-47.95	-4.17
434	-48.01	-4.19
435	-48.07	-4.20
436	-48.13	-4.21
437	-48.19	-4.22
438	-48.24	-4.24
439	-48.30	-4.25
440	-48.36	-4.26
441	-48.41	-4.28
442	-48.47	-4.29
443	-48.53	-4.30
444	-48.58	-4.31
445	-48.64	-4.33
446	-48.70	-4.34
447	-48.76	-4.35
448	-48.80	-4.36
449	-48.87	-4.38
450	-48.92	-4.39
451	-48.98	-4.40
452	-49.03	-4.41
453	-49.09	-4.43
454	-49.14	-4.44
455	-49.18	-4.45
456	-49.25	-4.47
457	-49.30	-4.48
458	-49.36	-4.49
459	-49.41	-4.50
460	-49.47	-4.52
461	-49.52	-4.53
462	-49.57	-4.54
463	-49.63	-4.55
464	-49.68	-4.57
465	-49.73	-4.58
466	-49.78	-4.59
467	-49.84	-4.60
468	-49.89	-4.62
469	-49.94	-4.63
470	-49.99	-4.64
471	-50.04	-4.65
472	-50.10	-4.67
473	-50.15	-4.68
474	-50.20	-4.69
475	-50.25	-4.70
476	-50.30	-4.72
477	-50.35	-4.73
478	-50.40	-4.74
479	-50.45	-4.75
480	-50.50	-4.77
481	-50.55	-4.78
482	-50.60	-4.79
483	-50.65	-4.80
484	-50.70	-4.82
485	-50.75	-4.83
486	-50.80	-4.84
487	-50.85	-4.85
488	-50.90	-4.87
489	-50.94	-4.88
490	-50.99	-4.89
491	-51.04	-4.90
492	-51.09	-4.92
493	-51.14	-4.93
494	-51.18	-4.94
495	-51.24	-4.95
496	-51.28	-4.96
497	-51.33	-4.98
498	-51.38	-4.99
499	-51.42	-5.00
500	-51.47	-5.01
501	-51.52	-5.03
502	-51.57	-5.04
503	-51.61	-5.05
504	-51.66	-5.06
505	-51.70	-5.07
506	-51.75	-5.09
507	-51.80	-5.10
508	-51.84	-5.11
509	-51.88	-5.12
510	-51.93	-5.14
511	-51.97	-5.15
512	-52.02	-5.16
513	-52.07	-5.17
514	-52.11	-5.18
515	-52.15	-5.20
516	-52.20	-5.21
517	-52.24	-5.22
518	-52.29	-5.23
519	-52.33	-5.24
520	-52.37	-5.26
521	-52.42	-5.27
522	-52.46	-5.28
523	-52.50	-5.29
524	-52.55	-5.30
525	-52.59	-5.32
526	-52.63	-5.33
527	-52.68	-5.34
528	-52.72	-5.35
529	-52.76	-5.36
530	-52.80	-5.38
531	-52.85	-5.39
532	-52.89	-5.40
533	-52.93	-5.41
534	-52.98	-5.42
535	-53.02	-5.44
536	-53.06	-5.45
537	-53.10	-5.46
538	-53.14	-5.47
539	-53.18	-5.48
540	-53.22	-5.49
541	-53.26	-5.51
542	-53.31	-5.52
543	-53.35	-5.53
544	-53.39	-5.54
545	-53.42	-5.55
546	-53.47	-5.57
547	-53.51	-5.58
548	-53.54	-5.59
549	-53.59	-5.60
550	-53.62	-5.61
551	-53.67	-5.62
552	-53.70	-5.64
553	-53.74	-5.65
554	-53.78	-5.66
555	-53.82	-5.67
556	-53.85	-5.68
557	-53.91	-5.69
558	-53.93	-5.71
559	-53.98	-5.72
560	-54.03	-5.73
561	-54.07	-5.74
562	-54.09	-5.75
563	-54.13	-5.76
564	-54.16	-5.78
565	-54.21	-5.79
566	-54.24	-5.80
567	-54.27	-5.81
568	-54.33	-5.82
569	-54.35	-5.83
570	-54.37	-5.84
571	-54.43	-5.86
572	-54.48	-5.87
573	-54.49	-5.88
574	-54.54	-5.89
575	-54.58	-5.90
576	-54.61	-5.91
577	-54.65	-5.93
578	-54.68	-5.94
579	-54.72	-5.95
580	-54.75	-5.96
581	-54.79	-5.97
582	-54.83	-5.98
583	-54.87	-5.99
584	-54.90	-6.01
585	-54.94	-6.02
586	-54.97	-6.03
587	-55.00	-6.04
588	-55.04	-6.05
589	-55.07	-6.06
590	-55.11	-6.07
591	-55.14	-6.08
592	-55.18	-6.10
593	-55.21	-6.11
594	-55.25	-6.12
595	-55.28	-6.13
596	-55.31	-6.14
597	-55.35	-6.15
598	-55.38	-6.16
599	-55.41	-6.17
600	-55.45	-6.19
601	-55.48	-6.20
602	-55.52	-6.21
603	-55.55	-6.22
604	-55.58	-6.23
605	-55.62	-6.24
606	-55.65	-6.25
607	-55.68	-6.26
608	-55.72	-6.27
609	-55.75	-6.29
610	-55.78	-6.30
611	-55.81	-6.31
612	-55.85	-6.32
613	-55.88	-6.33
614	-55.91	-6.34
615	-55.94	-6.35
616	-55.97	-6.36
617	-56.00	-6.37
618	-56.04	-6.38
619	-56.08	-6.40
620	-56.10	-6.41
621	-56.14	-6.42
622	-56.17	-6.43
623	-56.19	-6.44
624	-56.22	-6.45
625	-56.27	-6.46
626	-56.30	-6.47
627	-56.31	-6.48
628	-56.36	-6.49
629	-56.36	-6.50
630	-56.38	-6.52
631	-56.43	-6.53
632	-56.48	-6.54
633	-56.49	-6.55
634	-56.54	-6.56
635	-56.56	-6.57
636	-56.59	-6.58
637	-56.62	-6.59
638	-56.65	-6.60
639	-56.68	-6.61
640	-56.71	-6.62
641	-56.74	-6.64
642	-56.77	-6.65
643	-56.80	-6.66
644	-56.83	-6.67
645	-56.86	-6.68
646	-56.89	-6.69
647	-56.92	-6.70
648	-56.95	-6.71
649	-56.98	-6.72
650	-57.00	-6.73
651	-57.03	-6.74
652	-57.06	-6.75
653	-57.09	-6.76
654	-57.12	-6.78
655	-57.15	-6.79
656	-57.18	-6.80
657	-57.20	-6.81
658	-57.23	-6.82
659	-57.26	-6.83
660	-57.29	-6.84
661	-57.31	-6.85
662	-57.34	-6.86
663	-57.37	-6.87
664	-57.39	-6.88
665	-57.43	-6.89
666	-57.45	-6.90
667	-57.48	-6.91
668	-57.50	-6.92
669	-57.53	-6.93
670	-57.56	-6.94
671	-57.58	-6.95
672	-57.61	-6.97
673	-57.64	-6.98
674	-57.67	-6.99
675	-57.69	-7.00
676	-57.71	-7.01
677	-57.75	-7.02
678	-57.77	-7.03
679	-57.80	-7.04
680	-57.83	-7.05
681	-57.85	-7.06
682	-57.87	-7.07
683	-57.90	-7.08
684	-57.92	-7.09
685	-57.95	-7.10
686	-57.98	-7.11
687	-58.00	-7.12
688	-58.03	-7.13
689	-58.06	-7.14
690	-58.08	-7.15
691	-58.11	-7.16
692	-58.13	-7.17
693	-58.15	-7.18
694	-58.17	-7.19
695	-58.20	-7.20
696	-58.23	-7.21
697	-58.25	-7.22
698	-58.28	-7.23
699	-58.30	-7.24
700	-58.32	-7.25
701	-58.35	-7.27
702	-58.38	-7.28
703	-58.40	-7.29
704	-58.42	-7.30
705	-58.45	-7.31
706	-58.48	-7.32
707	-58.50	-7.33
708	-58.52	-7.34
709	-58.54	-7.35
710	-58.57	-7.36
711	-58.59	-7.37
712	-58.62	-7.38
713	-58.64	-7.39
714	-58.67	-7.40
715	-58.69	-7.41
716	-58.71	-7.42
717	-58.73	-7.43
718	-58.76	-7.44
719	-58.78	-7.45
720	-58.80	-7.46
721	-58.82	-7.47
722	-58.85	-7.48
723	-58.87	-7.49
724	-58.89	-7.50
725	-58.92	-7.51
726	-58.94	-7.52
727	-58.96	-7.53
728	-58.98	-7.54
729	-59.00	-7.55
730	-59.03	-7.56
731	-59.05	-7.57
732	-59.07	-7.58
733	-59.09	-7.59
734	-59.11	-7.60
735	-59.15	-7.61
736	-59.17	-7.62
737	-59.18	-7.63
738	-59.21	-7.64
739	-59.22	-7.65
740	-59.24	-7.66
741	-59.25	-7.67
742	-59.29	-7.67
743	-59.31	-7.69
744	-59.34	-7.69
745	-59.35	-7.70
746	-59.38	-7.71
747	-59.41	-7.72
748	-59.40	-7.73
749	-59.43	-7.74
750	-59.46	-7.75
751	-59.48	-7.76
752	-59.49	-7.77
753	-59.53	-7.78
754	-59.54	-7.79
755	-59.55	-7.80
756	-59.58	-7.81
757	-59.60	-7.82
758	-59.62	-7.83
759	-59.64	-7.84
760	-59.66	-7.85
761	-59.68	-7.86
762	-59.71	-7.87
763	-59.72	-7.88
764	-59.75	-7.89
765	-59.77	-7.90
766	-59.78	-7.91
767	-59.80	-7.92
768	-59.82	-7.93
769	-59.84	-7.94
770	-59.86	-7.95
771	-59.88	-7.96
772	-59.90	-7.97
773	-59.92	-7.98
774	-59.94	-7.98
775	-59.96	-7.99
776	-59.98	-8.00
777	-60.00	-8.01
778	-60.02	-8.02
779	-60.04	-8.03
780	-60.06	-8.04
781	-60.08	-8.05
782	-60.09	-8.06
783	-60.11	-8.07
784	-60.13	-8.08
785	-60.15	-8.09
786	-60.17	-8.10
787	-60.19	-8.11
788	-60.21	-8.12
789	-60.22	-8.13
790	-60.25	-8.14
791	-60.26	-8.15
792	-60.28	-8.16
793	-60.30	-8.16
794	-60.32	-8.17
795	-60.33	-8.18
796	-60.35	-8.19
797	-60.36	-8.20
798	-60.39	-8.21
799	-60.41	-8.22
800	-60.42	-8.23
801	-60.44	-8.24
802	-60.47	-8.25
803	-60.47	-8.26
804	-60.50	-8.27
805	-60.51	-8.28
806	-60.53	-8.29
807	-60.55	-8.30
808	-60.56	-8.30
809	-60.58	-8.31
810	-60.60	-8.32
811	-60.62	-8.33
812	-60.63	-8.34
813	-60.66	-8.35
814	-60.67	-8.36
815	-60.68	-8.37
816	-60.70	-8.38
817	-60.72	-8.39
818	-60.74	-8.40
819	-60.75	-8.40
820	-60.77	-8.41
821	-60.79	-8.42
822	-60.80	-8.43
823	-60.82	-8.44
824	-60.84	-8.45
825	-60.85	-8.46
826	-60.87	-8.47
827	-60.89	-8.48
828	-60.90	-8.49
829	-60.92	-8.50
830	-60.94	-8.50
831	-60.95	-8.51
832	-60.97	-8.52
833	-60.98	-8.53
834	-61.00	-8.54
835	-61.02	-8.55
836	-61.03	-8.56
837	-61.05	-8.57
838	-61.06	-8.58
839	-61.08	-8.59
840	-61.10	-8.60
841	-61.11	-8.60
842	-61.12	-8.61
843	-61.14	-8.62
844	-61.15	-8.63
845	-61.17	-8.64
846	-61.19	-8.65
847	-61.20	-8.66
848	-61.22	-8.67
849	-61.24	-8.68
850	-61.25	-8.68
851	-61.27	-8.69
852	-61.28	-8.70
853	-61.30	-8.71
854	-61.31	-8.72
855	-61.33	-8.73
856	-61.33	-8.74
857	-61.35	-8.75
858	-61.38	-8.76
859	-61.39	-8.76
860	-61.40	-8.77
861	-61.42	-8.78
862	-61.44	-8.79
863	-61.43	-8.80
864	-61.46	-8.81
865	-61.48	-8.82
866	-61.50	-8.83
867	-61.51	-8.84
868	-61.50	-8.84
869	-61.52	-8.85
870	-61.55	-8.86
871	-61.56	-8.87
872	-61.56	-8.88
873	-61.60	-8.89
874	-61.60	-8.90
875	-61.61	-8.90
876	-61.63	-8.91
877	-61.64	-8.92
878	-61.66	-8.93
879	-61.67	-8.94
880	-61.69	-8.95
881	-61.70	-8.96
882	-61.71	-8.97
883	-61.73	-8.97
884	-61.74	-8.98
885	-61.76	-8.99
886	-61.77	-9.00
887	-61.78	-9.01
888	-61.79	-9.02
889	-61.81	-9.03
890	-61.82	-9.03
891	-61.84	-9.04
892	-61.85	-9.05
893	-61.86	-9.06
894	-61.87	-9.07
895	-61.89	-9.08
896	-61.90	-9.09
897	-61.92	-9.09
898	-61.93	-9.10
899	-61.94	-9.11
900	-61.96	-9.12
901	-61.97	-9.13
902	-61.98	-9.14
903	-61.99	-9.14
904	-62.01	-9.15
905	-62.02	-9.16
906	-62.03	-9.17
907	-62.05	-9.18
908	-62.06	-9.19
909	-62.07	-9.20
910	-62.08	-9.20
911	-62.09	-9.21
912	-62.11	-9.22
913	-62.12	-9.23
914	-62.13	-9.24
915	-62.14	-9.25
916	-62.16	-9.25
917	-62.17	-9.26
918	-62.18	-9.27
919	-62.19	-9.28
920	-62.21	-9.29
921	-62.22	-9.30
922	-62.24	-9.30
923	-62.24	-9.31
924	-62.26	-9.32
925	-62.27	-9.33
926	-62.28	-9.34
927	-62.29	-9.35
928	-62.30	-9.35
929	-62.32	-9.36
930	-62.33	-9.37
931	-62.34	-9.38
932	-62.35	-9.39
933	-62.36	-9.40
934	-62.37	-9.40
935	-62.38	-9.41
936	-62.40	-9.42
937	-62.41	-9.43
938	-62.42	-9.44
939	-62.43	-9.45
940	-62.44	-9.45
941	-62.46	-9.46
942	-62.47	-9.47
943	-62.48	-9.48
944	-62.49	-9.49
945	-62.50	-9.50
946	-62.51	-9.50
947	-62.52	-9.51
948	-62.53	-9.52
949	-62.54	-9.53
950	-62.55	-9.54
951	-62.57	-9.54
952	-62.58	-9.55
953	-62.59	-9.56
954	-62.60	-9.57
955	-62.60	-9.58
956	-62.62	-9.59
957	-62.63	-9.59
958	-62.64	-9.60
959	-62.65	-9.61
960	-62.67	-9.62
961	-62.67	-9.63
962	-62.69	-9.63
963	-62.70	-9.64
964	-62.71	-9.65
965	-62.72	-9.66
966	-62.72	-9.67
967	-62.74	-9.67
968	-62.75	-9.68
969	-62.76	-9.69
970	-62.77	-9.70
971	-62.78	-9.71
972	-62.79	-9.71
973	-62.80	-9.72
974	-62.81	-9.73
975	-62.83	-9.74
976	-62.84	-9.75
977	-62.84	-9.75
978	-62.84	-9.76
979	-62.86	-9.77
980	-62.89	-9.78
981	-62.89	-9.78
982	-62.88	-9.79
983	-62.90	-9.80
984	-62.90	-9.81
985	-62.92	-9.82
986	-62.94	-9.83
987	-62.94	-9.83
988	-62.94	-9.84
989	-62.96	-9.85
990	-62.98	-9.86
991	-62.99	-9.86
992	-62.98	-9.87
993	-63.00	-9.88
994	-62.99	-9.89
995	-63.01	-9.90
996	-63.03	-9.90
997	-63.03	-9.91
998	-63.04	-9.92
999	-63.05	-9.93
1000	-63.07	-9.93
1001	-63.08	-9.94
1002	-63.08	-9.95
1003	-63.09	-9.96
1004	-63.10	-9.97
1005	-63.11	-9.97
1006	-63.12	-9.98
1007	-63.13	-9.99
1008	-63.14	-10.00
1009	-63.15	-10.01
1010	-63.15	-10.01
1011	-63.17	-10.02
1012	-63.17	-10.03
1013	-63.18	-10.04
1014	-63.19	-10.04
1015	-63.20	-10.05
1016	-63.21	-10.06
1017	-63.22	-10.07
1018	-63.23	-10.07
1019	-63.23	-10.08
1020	-63.24	-10.09
1021	-63.25	-10.10
1022	-63.26	-10.11
1023	-63.27	-10.11
1024	-63.28	-10.12
1025	-63.29	-10.13
1026	-63.29	-10.14
1027	-63.31	-10.14
1028	-63.31	-10.15
1029	-63.32	-10.16
1030	-63.33	-10.17
1031	-63.34	-10.17
1032	-63.34	-10.18
1033	-63.35	-10.19
1034	-63.37	-10.20
1035	-63.37	-10.20
1036	-63.37	-10.21
1037	-63.39	-10.22
1038	-63.40	-10.23
1039	-63.40	-10.24
1040	-63.41	-10.24
1041	-63.42	-10.25
1042	-63.43	-10.26
1043	-63.44	-10.27
1044	-63.45	-10.27
1045	-63.45	-10.28
1046	-63.46	-10.29
1047	-63.47	-10.30
1048	-63.49	-10.30
1049	-63.49	-10.31
1050	-63.48	-10.32
1051	-63.50	-10.33
1052	-63.52	-10.33
1053	-63.52	-10.34
1054	-63.53	-10.35
1055	-63.53	-10.36
1056	-63.54	-10.36
1057	-63.55	-10.37
1058	-63.56	-10.38
1059	-63.57	-10.39
1060	-63.57	-10.39
1061	-63.58	-10.40
1062	-63.59	-10.41
1063	-63.60	-10.42
1064	-63.60	-10.42
1065	-63.61	-10.43
1066	-63.62	-10.44
1067	-63.63	-10.44
1068	-63.63	-10.45
1069	-63.64	-10.46
1070	-63.65	-10.47
1071	-63.65	-10.47
1072	-63.66	-10.48
1073	-63.67	-10.49
1074	-63.68	-10.50
1075	-63.68	-10.50
1076	-63.69	-10.51
1077	-63.70	-10.52
1078	-63.70	-10.53
1079	-63.71	-10.53
1080	-63.72	-10.54
1081	-63.73	-10.55
1082	-63.73	-10.56
1083	-63.74	-10.56
1084	-63.75	-10.57
1085	-63.75	-10.58
1086	-63.76	-10.59
1087	-63.77	-10.59
1088	-63.78	-10.60
1089	-63.78	-10.61
1090	-63.79	-10.61
1091	-63.80	-10.62
1092	-63.80	-10.63
1093	-63.81	-10.64
1094	-63.82	-10.64
1095	-63.82	-10.65
1096	-63.83	-10.66
1097	-63.84	-10.67
1098	-63.84	-10.67
1099	-63.85	-10.68
1100	-63.86	-10.69
1101	-63.86	-10.69
1102	-63.87	-10.70
1103	-63.88	-10.71
1104	-63.88	-10.72
1105	-63.89	-10.72
1106	-63.89	-10.73
1107	-63.90	-10.74
1108	-63.91	-10.74
1109	-63.91	-10.75
1110	-63.92	-10.76
1111	-63.93	-10.77
1112	-63.93	-10.77
1113	-63.94	-10.78
1114	-63.94	-10.79
1115	-63.95	-10.79
1116	-63.96	-10.80
1117	-63.96	-10.81
1118	-63.97	-10.82
1119	-63.98	-10.82
1120	-63.98	-10.83
1121	-63.99	-10.84
1122	-64.00	-10.84
1123	-64.00	-10.85
1124	-64.01	-10.86
1125	-64.01	-10.87
1126	-64.02	-10.87
1127	-64.03	-10.88
1128	-64.03	-10.89
1129	-64.04	-10.89
1130	-64.04	-10.90
1131	-64.05	-10.91
1132	-64.05	-10.92
1133	-64.06	-10.92
1134	-64.07	-10.93
1135	-64.07	-10.94
1136	-64.07	-10.94
1137	-64.08	-10.95
1138	-64.09	-10.96
1139	-64.10	-10.96
1140	-64.10	-10.97
1141	-64.11	-10.98
1142	-64.11	-10.99
1143	-64.12	-10.99
1144	-64.13	-11.00
1145	-64.13	-11.01
1146	-64.14	-11.01
1147	-64.14	-11.02
1148	-64.15	-11.03
1149	-64.15	-11.03
1150	-64.16	-11.04
1151	-64.16	-11.05
1152	-64.17	-11.06
1153	-64.17	-11.06
1154	-64.18	-11.07
1155	-64.18	-11.08
1156	-64.19	-11.08
1157	-64.20	-11.09
1158	-64.20	-11.10
1159	-64.20	-11.10
1160	-64.21	-11.11
1161	-64.22	-11.12
1162	-64.22	-11.13
1163	-64.23	-11.13
1164	-64.22	-11.14
1165	-64.23	-11.15
1166	-64.24	-11.15
1167	-64.24	-11.16
1168	-64.26	-11.17
1169	-64.25	-11.17
1170	-64.25	-11.18
1171	-64.26	-11.19
1172	-64.27	-11.19
1173	-64.28	-11.20
1174	-64.29	-11.21
1175	-64.29	-11.21
1176	-64.29	-11.22
1177	-64.30	-11.23
1178	-64.30	-11.23
1179	-64.30	-11.24
1180	-64.31	-11.25
1181	-64.31	-11.26
1182	-64.32	-11.26
1183	-64.33	-11.27
1184	-64.33	-11.28
1185	-64.33	-11.28
1186	-64.34	-11.29
1187	-64.35	-11.30
1188	-64.35	-11.30
1189	-64.35	-11.31
1190	-64.36	-11.32
1191	-64.36	-11.32
1192	-64.37	-11.33
1193	-64.37	-11.34
1194	-64.38	-11.34
1195	-64.38	-11.35
1196	-64.39	-11.36
1197	-64.39	-11.36
1198	-64.39	-11.37
1199	-64.40	-11.38
1200	-64.41	-11.38
1201	-64.41	-11.39
1202	-64.41	-11.40
1203	-64.42	-11.40
1204	-64.42	-11.41
1205	-64.42	-11.42
1206	-64.43	-11.42
1207	-64.43	-11.43
1208	-64.44	-11.44
1209	-64.44	-11.44
1210	-64.45	-11.45
1211	-64.45	-11.46
1212	-64.46	-11.46
1213	-64.46	-11.47
1214	-64.46	-11.48
1215	-64.46	-11.48
1216	-64.48	-11.49
1217	-64.47	-11.50
1218	-64.48	-11.50
1219	-64.48	-11.51
1220	-64.49	-11.52
1221	-64.49	-11.52
1222	-64.50	-11.53
1223	-64.50	-11.54
1224	-64.50	-11.54
1225	-64.51	-11.55
1226	-64.51	-11.56
1227	-64.52	-11.56
1228	-64.52	-11.57
1229	-64.53	-11.58
1230	-64.53	-11.58
1231	-64.54	-11.59
1232	-64.54	-11.60
1233	-64.54	-11.60
1234	-64.54	-11.61
1235	-64.54	-11.62
1236	-64.55	-11.62
1237	-64.56	-11.63
1238	-64.56	-11.64
1239	-64.56	-11.64
1240	-64.57	-11.65
1241	-64.57	-11.66
1242	-64.57	-11.66
1243	-64.58	-11.67
1244	-64.58	-11.67
1245	-64.58	-11.68
1246	-64.59	-11.69
1247	-64.59	-11.69
1248	-64.60	-11.70
1249	-64.60	-11.71
1250	-64.60	-11.71
1251	-64.61	-11.72
1252	-64.61	-11.73
1253	-64.61	-11.73
1254	-64.61	-11.74
1255	-64.62	-11.75
1256	-64.62	-11.75
1257	-64.62	-11.76
1258	-64.63	-11.77
1259	-64.63	-11.77
1260	-64.63	-11.78
1261	-64.64	-11.78
1262	-64.65	-11.79
1263	-64.64	-11.80
1264	-64.65	-11.80
1265	-64.65	-11.81
1266	-64.65	-11.82
1267	-64.66	-11.82
1268	-64.66	-11.83
1269	-64.67	-11.84
1270	-64.67	-11.84
1271	-64.67	-11.85
1272	-64.67	-11.85
1273	-64.68	-11.86
1274	-64.68	-11.87
1275	-64.69	-11.87
1276	-64.69	-11.88
1277	-64.69	-11.89
1278	-64.70	-11.89
1279	-64.69	-11.90
1280	-64.70	-11.91
1281	-64.70	-11.91
1282	-64.70	-11.92
1283	-64.70	-11.92
1284	-64.71	-11.93
1285	-64.71	-11.94
1286	-64.72	-11.94
1287	-64.72	-11.95
1288	-64.72	-11.96
1289	-64.72	-11.96
1290	-64.72	-11.97
1291	-64.73	-11.97
1292	-64.73	-11.98
1293	-64.73	-11.99
1294	-64.74	-11.99
1295	-64.74	-12.00
1296	-64.74	-12.01
1297	-64.75	-12.01
1298	-64.75	-12.02
1299	-64.75	-12.03
1300	-64.76	-12.03
1301	-64.76	-12.04
1302	-64.76	-12.04
1303	-64.76	-12.05
1304	-64.77	-12.06
1305	-64.77	-12.06
1306	-64.77	-12.07
1307	-64.77	-12.08
1308	-64.77	-12.08
1309	-64.78	-12.09
1310	-64.78	-12.09
1311	-64.78	-12.10
1312	-64.79	-12.11
1313	-64.79	-12.11
1314	-64.79	-12.12
1315	-64.79	-12.12
1316	-64.80	-12.13
1317	-64.80	-12.14
1318	-64.80	-12.14
1319	-64.80	-12.15
1320	-64.81	-12.16
1321	-64.81	-12.16
1322	-64.81	-12.17
1323	-64.81	-12.17
1324	-64.82	-12.18
1325	-64.82	-12.19
1326	-64.82	-12.19
1327	-64.82	-12.20
1328	-64.82	-12.20
1329	-64.83	-12.21
1330	-64.83	-12.22
1331	-64.83	-12.22
1332	-64.83	-12.23
1333	-64.84	-12.24
1334	-64.84	-12.24
1335	-64.85	-12.25
1336	-64.85	-12.25
1337	-64.84	-12.26
1338	-64.85	-12.27
1339	-64.85	-12.27
1340	-64.85	-12.28
1341	-64.86	-12.28
1342	-64.85	-12.29
1343	-64.86	-12.30
1344	-64.86	-12.30
1345	-64.86	-12.31
1346	-64.86	-12.31
1347	-64.86	-12.32
1348	-64.87	-12.33
1349	-64.88	-12.33
1350	-64.88	-12.34
1351	-64.88	-12.35
1352	-64.87	-12.35
1353	-64.88	-12.36
1354	-64.88	-12.36
1355	-64.88	-12.37
1356	-64.88	-12.38
1357	-64.89	-12.38
1358	-64.89	-12.39
1359	-64.89	-12.39
1360	-64.89	-12.40
1361	-64.89	-12.41
1362	-64.90	-12.41
1363	-64.90	-12.42
1364	-64.90	-12.42
1365	-64.90	-12.43
1366	-64.91	-12.44
1367	-64.91	-12.44
1368	-64.91	-12.45
1369	-64.91	-12.45
1370	-64.91	-12.46
1371	-64.91	-12.47
1372	-64.91	-12.47
1373	-64.92	-12.48
1374	-64.91	-12.48
1375	-64.92	-12.49
1376	-64.91	-12.50
1377	-64.92	-12.50
1378	-64.92	-12.51
1379	-64.92	-12.51
1380	-64.93	-12.52
1381	-64.92	-12.53
1382	-64.93	-12.53
1383	-64.93	-12.54
1384	-64.93	-12.54
1385	-64.93	-12.55
1386	-64.93	-12.56
1387	-64.94	-12.56
1388	-64.94	-12.57
1389	-64.94	-12.57
1390	-64.94	-12.58
1391	-64.94	-12.58
1392	-64.94	-12.59
1393	-64.95	-12.60
1394	-64.94	-12.60
1395	-64.95	-12.61
1396	-64.95	-12.61
1397	-64.94	-12.62
1398	-64.95	-12.63
1399	-64.96	-12.63
1400	-64.96	-12.64
1401	-64.96	-12.64
1402	-64.95	-12.65
1403	-64.96	-12.65
1404	-64.95	-12.66
1405	-64.95	-12.67
1406	-64.96	-12.67
1407	-64.96	-12.68
1408	-64.97	-12.68
1409	-64.96	-12.69
1410	-64.96	-12.70
1411	-64.96	-12.70
1412	-64.97	-12.71
1413	-64.97	-12.71
1414	-64.97	-12.72
1415	-64.97	-12.73
1416	-64.97	-12.73
1417	-64.98	-12.74
1418	-64.98	-12.74
1419	-64.98	-12.75
1420	-64.98	-12.75
1421	-64.98	-12.76
1422	-64.98	-12.77
1423	-64.98	-12.77
1424	-64.98	-12.78
1425	-64.98	-12.78
1426	-64.99	-12.79
1427	-64.98	-12.79
1428	-64.99	-12.80
1429	-64.98	-12.81
1430	-64.99	-12.81
1431	-64.99	-12.82
1432	-64.99	-12.82
1433	-64.99	-12.83
1434	-64.99	-12.84
1435	-64.99	-12.84
1436	-64.99	-12.85
1437	-65.00	-12.85
1438	-64.99	-12.86
1439	-64.99	-12.86
1440	-65.00	-12.87
1441	-65.00	-12.87
1442	-65.00	-12.88
1443	-65.00	-12.89
1444	-65.00	-12.89
1445	-65.00	-12.90
1446	-65.00	-12.90
1447	-65.00	-12.91
1448	-65.01	-12.92
1449	-65.00	-12.92
1450	-65.00	-12.93
1451	-65.01	-12.93
1452	-65.01	-12.94
1453	-65.01	-12.94
1454	-65.00	-12.95
1455	-65.00	-12.95
1456	-65.00	-12.96
1457	-65.02	-12.97
1458	-65.00	-12.97
1459	-65.00	-12.98
1460	-65.01	-12.98
1461	-65.00	-12.99
1462	-65.02	-12.99
1463	-65.01	-13.00
1464	-65.01	-13.01
1465	-65.01	-13.01
1466	-65.01	-13.02
1467	-65.02	-13.02
1468	-65.00	-13.03
1469	-65.00	-13.03
1470	-65.00	-13.04
1471	-65.02	-13.04
1472	-65.02	-13.05
1473	-65.02	-13.06
1474	-65.01	-13.06
1475	-65.01	-13.07
1476	-65.02	-13.07
1477	-65.02	-13.08
1478	-65.02	-13.08
1479	-65.02	-13.09
1480	-65.02	-13.10
1481	-65.02	-13.10
1482	-65.02	-13.11
1483	-65.02	-13.11
1484	-65.02	-13.12
1485	-65.02	-13.12
1486	-65.02	-13.13
1487	-65.02	-13.13
1488	-65.02	-13.14
1489	-65.02	-13.15
1490	-65.03	-13.15
1491	-65.02	-13.16
1492	-65.02	-13.16
1493	-65.02	-13.17
1494	-65.03	-13.17
1495	-65.02	-13.18
1496	-65.02	-13.18
1497	-65.02	-13.19
1498	-65.02	-13.19
1499	-65.03	-13.20
1500	-65.03	-13.21
1501	-65.02	-13.21
1502	-65.03	-13.22
1503	-65.02	-13.22
1504	-65.02	-13.23
1505	-65.02	-13.23
1506	-65.02	-13.24
1507	-65.03	-13.24
1508	-65.03	-13.25
1509	-65.02	-13.26
1510	-65.02	-13.26
1511	-65.03	-13.27
1512	-65.03	-13.27
1513	-65.02	-13.28
1514	-65.02	-13.28
1515	-65.03	-13.29
1516	-65.03	-13.29
1517	-65.02	-13.30
1518	-65.02	-13.31
1519	-65.03	-13.31
1520	-65.02	-13.32
1521	-65.02	-13.32
1522	-65.03	-13.33
1523	-65.02	-13.33
1524	-65.02	-13.34
1525	-65.03	-13.34
1526	-65.03	-13.35
1527	-65.03	-13.35
1528	-65.03	-13.36
1529	-65.02	-13.36
1530	-65.02	-13.37
1531	-65.03	-13.38
1532	-65.02	-13.38
1533	-65.03	-13.39
1534	-65.02	-13.39
1535	-65.03	-13.40
1536	-65.02	-13.40
1537	-65.02	-13.41
1538	-65.02	-13.41
1539	-65.03	-13.42
1540	-65.02	-13.42
1541	-65.02	-13.43
1542	-65.02	-13.43
1543	-65.02	-13.44
1544	-65.02	-13.45
1545	-65.02	-13.45
1546	-65.03	-13.46
1547	-65.02	-13.46
1548	-65.02	-13.47
1549	-65.03	-13.47
1550	-65.01	-13.48
1551	-65.02	-13.48
1552	-65.02	-13.49
1553	-65.02	-13.49
1554	-65.02	-13.50
1555	-65.02	-13.50
1556	-65.02	-13.51
1557	-65.02	-13.52
1558	-65.02	-13.52
1559	-65.01	-13.53
1560	-65.02	-13.53
1561	-65.01	-13.54
1562	-65.01	-13.54
1563	-65.01	-13.55
1564	-65.01	-13.55
1565	-65.01	-13.56
1566	-65.01	-13.56
1567	-65.02	-13.57
1568	-65.01	-13.57
1569	-65.01	-13.58
1570	-65.01	-13.58
1571	-65.01	-13.59
1572	-65.01	-13.59
1573	-65.01	-13.60
1574	-65.01	-13.61
1575	-65.01	-13.61
1576	-65.01	-13.62
1577	-65.01	-13.62
1578	-65.01	-13.63
1579	-65.00	-13.63
1580	-65.00	-13.64
1581	-65.01	-13.64
1582	-65.00	-13.65
1583	-65.00	-13.65
1584	-65.00	-13.66
1585	-65.00	-13.66
1586	-65.00	-13.67
1587	-65.00	-13.67
1588	-65.00	-13.68
1589	-65.00	-13.68
1590	-65.00	-13.69
1591	-65.00	-13.69
1592	-65.00	-13.70
1593	-64.99	-13.70
1594	-65.00	-13.71
1595	-64.99	-13.72
1596	-64.99	-13.72
1597	-64.99	-13.73
1598	-64.99	-13.73
1599	-64.99	-13.74
1600	-65.00	-13.74
1601	-64.99	-13.75
1602	-64.99	-13.75
1603	-64.99	-13.76
1604	-64.99	-13.76
1605	-64.99	-13.77
1606	-64.99	-13.77
1607	-64.99	-13.78
1608	-64.99	-13.78
1609	-64.98	-13.79
1610	-64.98	-13.79
1611	-64.98	-13.80
1612	-64.98	-13.80
1613	-64.98	-13.81
1614	-64.98	-13.81
1615	-64.98	-13.82
1616	-64.98	-13.82
1617	-64.98	-13.83
1618	-64.98	-13.83
1619	-64.98	-13.84
1620	-64.97	-13.84
1621	-64.97	-13.85
1622	-64.97	-13.85
1623	-64.97	-13.86
1624	-64.97	-13.87
1625	-64.97	-13.87
1626	-64.97	-13.88
1627	-64.97	-13.88
1628	-64.97	-13.89
1629	-64.96	-13.89
1630	-64.96	-13.90
1631	-64.97	-13.90
1632	-64.96	-13.91
1633	-64.96	-13.91
1634	-64.96	-13.92
1635	-64.96	-13.92
1636	-64.96	-13.93
1637	-64.96	-13.93
1638	-64.96	-13.94
1639	-64.95	-13.94
1640	-64.96	-13.95
1641	-64.95	-13.95
1642	-64.95	-13.96
1643	-64.95	-13.96
1644	-64.95	-13.97
1645	-64.95	-13.97
1646	-64.95	-13.98
1647	-64.95	-13.98
1648	-64.95	-13.99
1649	-64.95	-13.99
1650	-64.95	-14.00
1651	-64.95	-14.00
1652	-64.94	-14.01
1653	-64.94	-14.01
1654	-64.94	-14.02
1655	-64.94	-14.02
1656	-64.93	-14.03
1657	-64.93	-14.03
1658	-64.93	-14.04
1659	-64.94	-14.04
1660	-64.94	-14.05
1661	-64.93	-14.05
1662	-64.93	-14.06
1663	-64.93	-14.06
1664	-64.92	-14.07
1665	-64.93	-14.07
1666	-64.92	-14.08
1667	-64.92	-14.08
1668	-64.92	-14.09
1669	-64.92	-14.09
1670	-64.91	-14.10
1671	-64.92	-14.10
1672	-64.92	-14.11
1673	-64.91	-14.11
1674	-64.91	-14.12
1675	-64.91	-14.12
1676	-64.91	-14.13
1677	-64.91	-14.13
1678	-64.90	-14.14
1679	-64.90	-14.14
1680	-64.90	-14.15
1681	-64.90	-14.15
1682	-64.90	-14.16
1683	-64.89	-14.16
1684	-64.90	-14.17
1685	-64.90	-14.17
1686	-64.89	-14.18
1687	-64.90	-14.18
1688	-64.89	-14.19
1689	-64.89	-14.19
1690	-64.89	-14.20
1691	-64.88	-14.20
1692	-64.89	-14.21
1693	-64.89	-14.21
1694	-64.88	-14.22
1695	-64.88	-14.22
1696	-64.88	-14.23
1697	-64.88	-14.23
1698	-64.88	-14.24
1699	-64.87	-14.24
1700	-64.87	-14.25
1701	-64.88	-14.25
1702	-64.87	-14.26
1703	-64.87	-14.26
1704	-64.86	-14.27
1705	-64.86	-14.27
1706	-64.87	-14.28
1707	-64.86	-14.28
1708	-64.86	-14.29
1709	-64.85	-14.29
1710	-64.85	-14.30
1711	-64.86	-14.30
1712	-64.85	-14.31
1713	-64.85	-14.31
1714	-64.85	-14.32
1715	-64.85	-14.32
1716	-64.84	-14.33
1717	-64.84	-14.33
1718	-64.85	-14.34
1719	-64.84	-14.34
1720	-64.84	-14.35
1721	-64.83	-14.35
1722	-64.84	-14.36
1723	-64.84	-14.36
1724	-64.83	-14.36
1725	-64.83	-14.37
1726	-64.83	-14.37
1727	-64.83	-14.38
1728	-64.82	-14.38
1729	-64.82	-14.39
1730	-64.82	-14.39
1731	-64.82	-14.40
1732	-64.82	-14.40
1733	-64.82	-14.41
1734	-64.81	-14.41
1735	-64.82	-14.42
1736	-64.81	-14.42
1737	-64.81	-14.43
1738	-64.81	-14.43
1739	-64.81	-14.44
1740	-64.80	-14.44
1741	-64.80	-14.45
1742	-64.80	-14.45
1743	-64.80	-14.46
1744	-64.80	-14.46
1745	-64.80	-14.47
1746	-64.80	-14.47
1747	-64.79	-14.48
1748	-64.79	-14.48
1749	-64.79	-14.49
1750	-64.79	-14.49
1751	-64.78	-14.50
1752	-64.78	-14.50
1753	-64.78	-14.50
1754	-64.78	-14.51
1755	-64.78	-14.51
1756	-64.77	-14.52
1757	-64.77	-14.52
1758	-64.77	-14.53
1759	-64.77	-14.53
1760	-64.78	-14.54
1761	-64.77	-14.54
1762	-64.76	-14.55
1763	-64.76	-14.55
1764	-64.76	-14.56
1765	-64.75	-14.56
1766	-64.76	-14.57
1767	-64.75	-14.57
1768	-64.75	-14.58
1769	-64.75	-14.58
1770	-64.74	-14.59
1771	-64.75	-14.59
1772	-64.74	-14.60
1773	-64.75	-14.60
1774	-64.74	-14.60
1775	-64.73	-14.61
1776	-64.73	-14.61
1777	-64.74	-14.62
1778	-64.73	-14.62
1779	-64.73	-14.63
1780	-64.72	-14.63
1781	-64.72	-14.64
1782	-64.72	-14.64
1783	-64.72	-14.65
1784	-64.71	-14.65
1785	-64.71	-14.66
1786	-64.71	-14.66
1787	-64.71	-14.67
1788	-64.71	-14.67
1789	-64.70	-14.68
1790	-64.70	-14.68
1791	-64.70	-14.68
1792	-64.70	-14.69
1793	-64.70	-14.69
1794	-64.69	-14.70
1795	-64.69	-14.70
1796	-64.69	-14.71
1797	-64.69	-14.71
1798	-64.68	-14.72
1799	-64.68	-14.72
1800	-64.68	-14.73
1801	-64.68	-14.73
1802	-64.67	-14.74
1803	-64.68	-14.74
1804	-64.66	-14.75
1805	-64.67	-14.75
1806	-64.67	-14.76
1807	-64.66	-14.76
1808	-64.66	-14.76
1809	-64.66	-14.77
1810	-64.66	-14.77
1811	-64.66	-14.78
1812	-64.65	-14.78
1813	-64.65	-14.79
1814	-64.65	-14.79
1815	-64.66	-14.80
1816	-64.65	-14.80
1817	-64.63	-14.81
1818	-64.64	-14.81
1819	-64.64	-14.81
1820	-64.64	-14.82
1821	-64.65	-14.82
1822	-64.62	-14.83
1823	-64.63	-14.83
1824	-64.62	-14.84
1825	-64.62	-14.84
1826	-64.62	-14.85
1827	-64.62	-14.85
1828	-64.61	-14.86
1829	-64.62	-14.86
1830	-64.61	-14.87
1831	-64.62	-14.87
1832	-64.60	-14.87
1833	-64.61	-14.88
1834	-64.61	-14.88
1835	-64.60	-14.89
1836	-64.59	-14.89
1837	-64.59	-14.90
1838	-64.59	-14.90
1839	-64.59	-14.91
1840	-64.59	-14.91
1841	-64.58	-14.92
1842	-64.58	-14.92
1843	-64.59	-14.93
1844	-64.57	-14.93
1845	-64.57	-14.93
1846	-64.57	-14.94
1847	-64.57	-14.94
1848	-64.57	-14.95
1849	-64.57	-14.95
1850	-64.56	-14.96
1851	-64.57	-14.96
1852	-64.56	-14.97
1853	-64.56	-14.97
1854	-64.55	-14.98
1855	-64.54	-14.98
1856	-64.54	-14.98
1857	-64.55	-14.99
1858	-64.55	-14.99
1859	-64.54	-15.00
1860	-64.54	-15.00
1861	-64.53	-15.01
1862	-64.53	-15.01
1863	-64.53	-15.02
1864	-64.52	-15.02
1865	-64.52	-15.03
1866	-64.52	-15.03
1867	-64.52	-15.03
1868	-64.51	-15.04
1869	-64.51	-15.04
1870	-64.51	-15.05
1871	-64.50	-15.05
1872	-64.50	-15.06
1873	-64.50	-15.06
1874	-64.50	-15.07
1875	-64.49	-15.07
1876	-64.49	-15.07
1877	-64.50	-15.08
1878	-64.49	-15.08
1879	-64.48	-15.09
1880	-64.48	-15.09
1881	-64.48	-15.10
1882	-64.48	-15.10
1883	-64.47	-15.11
1884	-64.47	-15.11
1885	-64.47	-15.12
1886	-64.46	-15.12
1887	-64.46	-15.12
1888	-64.46	-15.13
1889	-64.47	-15.13
1890	-64.46	-15.14
1891	-64.46	-15.14
1892	-64.45	-15.15
1893	-64.45	-15.15
1894	-64.45	-15.16
1895	-64.44	-15.16
1896	-64.44	-15.16
1897	-64.44	-15.17
1898	-64.43	-15.17
1899	-64.43	-15.18
1900	-64.43	-15.18
1901	-64.42	-15.19
1902	-64.42	-15.19
1903	-64.42	-15.20
1904	-64.42	-15.20
1905	-64.40	-15.20
1906	-64.41	-15.21
1907	-64.41	-15.21
1908	-64.40	-15.22
1909	-64.40	-15.22
1910	-64.40	-15.23
1911	-64.40	-15.23
1912	-64.40	-15.24
1913	-64.39	-15.24
1914	-64.39	-15.24
1915	-64.39	-15.25
1916	-64.38	-15.25
1917	-64.38	-15.26
1918	-64.38	-15.26
1919	-64.38	-15.27
1920	-64.38	-15.27
1921	-64.37	-15.27
1922	-64.36	-15.28
1923	-64.36	-15.28
1924	-64.36	-15.29
1925	-64.35	-15.29
1926	-64.35	-15.30
1927	-64.35	-15.30
1928	-64.35	-15.31
1929	-64.34	-15.31
1930	-64.34	-15.31
1931	-64.34	-15.32
1932	-64.33	-15.32
1933	-64.33	-15.33
1934	-64.33	-15.33
1935	-64.34	-15.34
1936	-64.33	-15.34
1937	-64.32	-15.34
1938	-64.32	-15.35
1939	-64.31	-15.35
1940	-64.32	-15.36
1941	-64.31	-15.36
1942	-64.31	-15.37
1943	-64.31	-15.37
1944	-64.30	-15.38
1945	-64.29	-15.38
1946	-64.30	-15.38
1947	-64.29	-15.39
1948	-64.29	-15.39
1949	-64.28	-15.40
1950	-64.28	-15.40
1951	-64.27	-15.41
1952	-64.27	-15.41
1953	-64.27	-15.41
1954	-64.27	-15.42
1955	-64.27	-15.42
1956	-64.26	-15.43
1957	-64.26	-15.43
1958	-64.25	-15.44
1959	-64.25	-15.44
1960	-64.25	-15.45
1961	-64.25	-15.45
1962	-64.25	-15.45
1963	-64.24	-15.46
1964	-64.23	-15.46
1965	-64.24	-15.47
1966	-64.23	-15.47
1967	-64.23	-15.48
1968	-64.22	-15.48
1969	-64.22	-15.48
1970	-64.22	-15.49
1971	-64.21	-15.49
1972	-64.21	-15.50
1973	-64.21	-15.50
1974	-64.20	-15.51
1975	-64.20	-15.51
1976	-64.20	-15.51
1977	-64.20	-15.52
1978	-64.20	-15.52
1979	-64.19	-15.53
1980	-64.19	-15.53
1981	-64.19	-15.53
1982	-64.18	-15.54
1983	-64.18	-15.54
1984	-64.17	-15.55
1985	-64.18	-15.55
1986	-64.17	-15.56
1987	-64.17	-15.56
1988	-64.16	-15.57
1989	-64.16	-15.57
1990	-64.15	-15.57
1991	-64.15	-15.58
1992	-64.15	-15.58
1993	-64.14	-15.59
1994	-64.15	-15.59
1995	-64.13	-15.59
1996	-64.14	-15.60
1997	-64.13	-15.60
1998	-64.14	-15.61
1999	-64.13	-15.61
2000	-64.12	-15.62
2001	-64.12	-15.62
2002	-64.12	-15.62
2003	-64.11	-15.63
2004	-64.11	-15.63
2005	-64.10	-15.64
2006	-64.10	-15.64
2007	-64.10	-15.65
2008	-64.10	-15.65
2009	-64.10	-15.65
2010	-64.09	-15.66
2011	-64.09	-15.66
2012	-64.08	-15.67
2013	-64.08	-15.67
2014	-64.08	-15.68
2015	-64.07	-15.68
2016	-64.07	-15.68
2017	-64.07	-15.69
2018	-64.06	-15.69
2019	-64.06	-15.70
2020	-64.06	-15.70
2021	-64.05	-15.70
2022	-64.05	-15.71
2023	-64.04	-15.71
2024	-64.04	-15.72
2025	-64.04	-15.72
2026	-64.04	-15.73
2027	-64.03	-15.73
2028	-64.02	-15.73
2029	-64.02	-15.74
2030	-64.03	-15.74
2031	-64.02	-15.75
2032	-64.02	-15.75
2033	-64.01	-15.75
2034	-64.01	-15.76
2035	-64.01	-15.76
2036	-64.00	-15.77
2037	-64.00	-15.77
2038	-63.99	-15.78
2039	-64.00	-15.78
2040	-63.99	-15.78
2041	-63.97	-15.79
2042	-63.98	-15.79
2043	-63.97	-15.80
2044	-63.97	-15.80
2045	-63.97	-15.80
2046	-63.96	-15.81
2047	-63.96	-15.81
2048	-63.96	-15.82
2049	-63.95	-15.82
2050	-63.95	-15.83
2051	-63.95	-15.83
2052	-63.95	-15.83
2053	-63.94	-15.84
2054	-63.94	-15.84
2055	-63.93	-15.85
2056	-63.94	-15.85
2057	-63.92	-15.85
2058	-63.92	-15.86
2059	-63.91	-15.86
2060	-63.91	-15.87
2061	-63.91	-15.87
2062	-63.91	-15.87
2063	-63.90	-15.88
2064	-63.90	-15.88
2065	-63.90	-15.89
2066	-63.89	-15.89
2067	-63.89	-15.90
2068	-63.88	-15.90
2069	-63.90	-15.90
2070	-63.89	-15.91
2071	-63.88	-15.91
2072	-63.87	-15.92
2073	-63.87	-15.92
2074	-63.87	-15.92
2075	-63.86	-15.93
2076	-63.86	-15.93
2077	-63.85	-15.94
2078	-63.85	-15.94
2079	-63.85	-15.94
2080	-63.84	-15.95
2081	-63.84	-15.95
2082	-63.83	-15.96
2083	-63.83	-15.96
2084	-63.83	-15.97
2085	-63.83	-15.97
2086	-63.82	-15.97
2087	-63.82	-15.98
2088	-63.81	-15.98
2089	-63.81	-15.99
2090	-63.81	-15.99
2091	-63.81	-15.99
2092	-63.80	-16.00
2093	-63.79	-16.00
2094	-63.79	-16.01
2095	-63.78	-16.01
2096	-63.78	-16.01
2097	-63.78	-16.02
2098	-63.78	-16.02
2099	-63.77	-16.03
2100	-63.77	-16.03
2101	-63.76	-16.03
2102	-63.77	-16.04
2103	-63.75	-16.04
2104	-63.74	-16.05
2105	-63.76	-16.05
2106	-63.75	-16.05
2107	-63.74	-16.06
2108	-63.74	-16.06
2109	-63.74	-16.07
2110	-63.73	-16.07
2111	-63.73	-16.07
2112	-63.73	-16.08
2113	-63.72	-16.08
2114	-63.72	-16.09
2115	-63.71	-16.09
2116	-63.72	-16.09
2117	-63.71	-16.10
2118	-63.71	-16.10
2119	-63.70	-16.11
2120	-63.70	-16.11
2121	-63.70	-16.11
2122	-63.68	-16.12
2123	-63.69	-16.12
2124	-63.68	-16.13
2125	-63.68	-16.13
2126	-63.67	-16.14
2127	-63.67	-16.14
2128	-63.66	-16.14
2129	-63.66	-16.15
2130	-63.64	-16.15
2131	-63.65	-16.16
2132	-63.65	-16.16
2133	-63.65	-16.16
2134	-63.64	-16.17
2135	-63.64	-16.17
2136	-63.64	-16.17
2137	-63.63	-16.18
2138	-63.63	-16.18
2139	-63.62	-16.19
2140	-63.62	-16.19
2141	-63.61	-16.20
2142	-63.61	-16.20
2143	-63.61	-16.20
2144	-63.60	-16.21
2145	-63.60	-16.21
2146	-63.59	-16.21
2147	-63.59	-16.22
2148	-63.59	-16.22
2149	-63.58	-16.23
2150	-63.59	-16.23
2151	-63.58	-16.23
2152	-63.57	-16.24
2153	-63.57	-16.24
2154	-63.57	-16.25
2155	-63.56	-16.25
2156	-63.55	-16.25
2157	-63.55	-16.26
2158	-63.55	-16.26
2159	-63.54	-16.27
2160	-63.55	-16.27
2161	-63.53	-16.27
2162	-63.53	-16.28
2163	-63.53	-16.28
2164	-63.52	-16.29
2165	-63.53	-16.29
2166	-63.52	-16.29
2167	-63.51	-16.30
2168	-63.51	-16.30
2169	-63.50	-16.31
2170	-63.49	-16.31
2171	-63.50	-16.31
2172	-63.49	-16.32
2173	-63.49	-16.32
2174	-63.48	-16.33
2175	-63.48	-16.33
2176	-63.47	-16.33
2177	-63.47	-16.34
2178	-63.46	-16.34
2179	-63.47	-16.35
2180	-63.46	-16.35
2181	-63.45	-16.35
2182	-63.45	-16.36
2183	-63.44	-16.36
2184	-63.45	-16.37
2185	-63.44	-16.37
2186	-63.43	-16.37
2187	-63.43	-16.38
2188	-63.43	-16.38
2189	-63.42	-16.38
2190	-63.42	-16.39
2191	-63.41	-16.39
2192	-63.41	-16.40
2193	-63.40	-16.40
2194	-63.40	-16.40
2195	-63.40	-16.41
2196	-63.39	-16.41
2197	-63.39	-16.42
2198	-63.39	-16.42
2199	-63.38	-16.42
2200	-63.38	-16.43
2201	-63.37	-16.43
2202	-63.37	-16.44
2203	-63.36	-16.44
2204	-63.36	-16.44
2205	-63.36	-16.45
2206	-63.36	-16.45
2207	-63.35	-16.45
2208	-63.35	-16.46
2209	-63.34	-16.46
2210	-63.34	-16.47
2211	-63.34	-16.47
2212	-63.33	-16.47
2213	-63.33	-16.48
2214	-63.32	-16.48
2215	-63.32	-16.49
2216	-63.32	-16.49
2217	-63.31	-16.49
2218	-63.30	-16.50
2219	-63.30	-16.50
2220	-63.29	-16.50
2221	-63.29	-16.51
2222	-63.29	-16.51
2223	-63.28	-16.52
2224	-63.28	-16.52
2225	-63.27	-16.52
2226	-63.27	-16.53
2227	-63.26	-16.53
2228	-63.26	-16.54
2229	-63.26	-16.54
2230	-63.26	-16.54
2231	-63.25	-16.55
2232	-63.25	-16.55
2233	-63.24	-16.55
2234	-63.24	-16.56
2235	-63.24	-16.56
2236	-63.22	-16.57
2237	-63.23	-16.57
2238	-63.20	-16.57
2239	-63.22	-16.58
2240	-63.21	-16.58
2241	-63.20	-16.59
2242	-63.21	-16.59
2243	-63.20	-16.59
2244	-63.19	-16.60
2245	-63.19	-16.60
2246	-63.18	-16.60
2247	-63.18	-16.61
2248	-63.17	-16.61
2249	-63.16	-16.62
2250	-63.15	-16.62
2251	-63.17	-16.62
2252	-63.16	-16.63
2253	-63.16	-16.63
2254	-63.15	-16.64
2255	-63.14	-16.64
2256	-63.15	-16.64
2257	-63.14	-16.65
2258	-63.14	-16.65
2259	-63.13	-16.65
2260	-63.12	-16.66
2261	-63.13	-16.66
2262	-63.12	-16.67
2263	-63.11	-16.67
2264	-63.11	-16.67
2265	-63.11	-16.68
2266	-63.11	-16.68
2267	-63.10	-16.68
2268	-63.09	-16.69
2269	-63.09	-16.69
2270	-63.09	-16.70
2271	-63.08	-16.70
2272	-63.07	-16.70
2273	-63.07	-16.71
2274	-63.07	-16.71
2275	-63.07	-16.71
2276	-63.06	-16.72
2277	-63.06	-16.72
2278	-63.05	-16.73
2279	-63.04	-16.73
2280	-63.04	-16.73
2281	-63.03	-16.74
2282	-63.03	-16.74
2283	-63.02	-16.74
2284	-63.02	-16.75
2285	-63.01	-16.75
2286	-63.01	-16.76
2287	-63.01	-16.76
2288	-63.01	-16.76
2289	-63.00	-16.77
2290	-62.99	-16.77
2291	-62.99	-16.77
2292	-62.99	-16.78
2293	-62.99	-16.78
2294	-62.98	-16.79
2295	-62.98	-16.79
2296	-62.98	-16.79
2297	-62.96	-16.80
2298	-62.97	-16.80
2299	-62.96	-16.80
2300	-62.96	-16.81
2301	-62.96	-16.81
2302	-62.94	-16.82
2303	-62.94	-16.82
2304	-62.94	-16.82
2305	-62.93	-16.83
2306	-62.93	-16.83
2307	-62.92	-16.83
2308	-62.93	-16.84
2309	-62.92	-16.84
2310	-62.91	-16.84
2311	-62.91	-16.85
2312	-62.90	-16.85
2313	-62.90	-16.86
2314	-62.90	-16.86
2315	-62.89	-16.86
2316	-62.88	-16.87
2317	-62.88	-16.87
2318	-62.87	-16.87
2319	-62.87	-16.88
2320	-62.86	-16.88
2321	-62.86	-16.89
2322	-62.86	-16.89
2323	-62.85	-16.89
2324	-62.84	-16.90
2325	-62.84	-16.90
2326	-62.83	-16.90
2327	-62.84	-16.91
2328	-62.83	-16.91
2329	-62.82	-16.91
2330	-62.83	-16.92
2331	-62.81	-16.92
2332	-62.81	-16.93
2333	-62.81	-16.93
2334	-62.80	-16.93
2335	-62.80	-16.94
2336	-62.79	-16.94
2337	-62.78	-16.94
2338	-62.78	-16.95
2339	-62.78	-16.95
2340	-62.78	-16.96
2341	-62.77	-16.96
2342	-62.76	-16.96
2343	-62.76	-16.97
2344	-62.75	-16.97
2345	-62.75	-16.97
2346	-62.75	-16.98
2347	-62.74	-16.98
2348	-62.74	-16.98
2349	-62.73	-16.99
2350	-62.73	-16.99
2351	-62.72	-17.00
2352	-62.72	-17.00
2353	-62.72	-17.00
2354	-62.71	-17.01
2355	-62.70	-17.01
2356	-62.70	-17.01
2357	-62.70	-17.02
2358	-62.69	-17.02
2359	-62.69	-17.03
2360	-62.68	-17.03
2361	-62.67	-17.03
2362	-62.67	-17.04
2363	-62.67	-17.04
2364	-62.66	-17.04
2365	-62.65	-17.05
2366	-62.66	-17.05
2367	-62.65	-17.05
2368	-62.65	-17.06
2369	-62.65	-17.06
2370	-62.64	-17.06
2371	-62.63	-17.07
2372	-62.63	-17.07
2373	-62.62	-17.08
2374	-62.62	-17.08
2375	-62.61	-17.08
2376	-62.61	-17.09
2377	-62.60	-17.09
2378	-62.60	-17.09
2379	-62.60	-17.10
2380	-62.60	-17.10
2381	-62.59	-17.10
2382	-62.58	-17.11
2383	-62.58	-17.11
2384	-62.57	-17.12
2385	-62.56	-17.12
2386	-62.56	-17.12
2387	-62.56	-17.13
2388	-62.55	-17.13
2389	-62.55	-17.13
2390	-62.55	-17.14
2391	-62.53	-17.14
2392	-62.53	-17.14
2393	-62.53	-17.15
2394	-62.53	-17.15
2395	-62.52	-17.15
2396	-62.52	-17.16
2397	-62.51	-17.16
2398	-62.51	-17.17
2399	-62.50	-17.17
2400	-62.49	-17.17
2401	-62.49	-17.18
2402	-62.49	-17.18
2403	-62.48	-17.18
2404	-62.48	-17.19
2405	-62.47	-17.19
2406	-62.47	-17.19
2407	-62.46	-17.20
2408	-62.46	-17.20
2409	-62.45	-17.21
2410	-62.46	-17.21
2411	-62.45	-17.21
2412	-62.44	-17.22
2413	-62.44	-17.22
2414	-62.43	-17.22
2415	-62.43	-17.23
2416	-62.42	-17.23
2417	-62.42	-17.23
2418	-62.41	-17.24
2419	-62.40	-17.24
2420	-62.41	-17.24
2421	-62.40	-17.25
2422	-62.40	-17.25
2423	-62.39	-17.26
2424	-62.39	-17.26
2425	-62.38	-17.26
2426	-62.38	-17.27
2427	-62.37	-17.27
2428	-62.36	-17.27
2429	-62.35	-17.28
2430	-62.36	-17.28
2431	-62.35	-17.28
2432	-62.35	-17.29
2433	-62.34	-17.29
2434	-62.33	-17.29
2435	-62.34	-17.30
2436	-62.32	-17.30
2437	-62.33	-17.30
2438	-62.32	-17.31
2439	-62.31	-17.31
2440	-62.31	-17.32
2441	-62.30	-17.32
2442	-62.30	-17.32
2443	-62.29	-17.33
2444	-62.29	-17.33
2445	-62.28	-17.33
2446	-62.28	-17.34
2447	-62.28	-17.34
2448	-62.27	-17.34
2449	-62.26	-17.35
2450	-62.26	-17.35
2451	-62.25	-17.35
2452	-62.25	-17.36
2453	-62.24	-17.36
2454	-62.24	-17.36
2455	-62.24	-17.37
2456	-62.23	-17.37
2457	-62.23	-17.38
2458	-62.22	-17.38
2459	-62.22	-17.38
2460	-62.20	-17.39
2461	-62.20	-17.39
2462	-62.20	-17.39
2463	-62.20	-17.40
2464	-62.19	-17.40
2465	-62.18	-17.40
2466	-62.18	-17.41
2467	-62.18	-17.41
2468	-62.17	-17.41
2469	-62.16	-17.42
2470	-62.16	-17.42
2471	-62.16	-17.42
2472	-62.16	-17.43
2473	-62.15	-17.43
2474	-62.15	-17.43
2475	-62.13	-17.44
2476	-62.13	-17.44
2477	-62.13	-17.44
2478	-62.12	-17.45
2479	-62.13	-17.45
2480	-62.11	-17.46
2481	-62.10	-17.46
2482	-62.11	-17.46
2483	-62.10	-17.47
2484	-62.10	-17.47
2485	-62.09	-17.47
2486	-62.08	-17.48
2487	-62.08	-17.48
2488	-62.07	-17.48
2489	-62.07	-17.49
2490	-62.07	-17.49
2491	-62.06	-17.49
2492	-62.05	-17.50
2493	-62.05	-17.50
2494	-62.05	-17.50
2495	-62.04	-17.51
2496	-62.03	-17.51
2497	-62.03	-17.51
2498	-62.03	-17.52
2499	-62.02	-17.52
2500	-62.02	-17.52
2501	-62.01	-17.53
2502	-62.00	-17.53
2503	-62.00	-17.53
2504	-61.99	-17.54
2505	-61.98	-17.54
2506	-61.99	-17.55
2507	-61.98	-17.55
2508	-61.98	-17.55
2509	-61.97	-17.56
2510	-61.97	-17.56
2511	-61.96	-17.56
2512	-61.96	-17.57
2513	-61.95	-17.57
2514	-61.95	-17.57
2515	-61.95	-17.58
2516	-61.94	-17.58
2517	-61.93	-17.58
2518	-61.93	-17.59
2519	-61.92	-17.59
2520	-61.92	-17.59
2521	-61.92	-17.60
2522	-61.90	-17.60
2523	-61.90	-17.60
2524	-61.90	-17.61
2525	-61.88	-17.61
2526	-61.88	-17.61
2527	-61.88	-17.62
2528	-61.88	-17.62
2529	-61.87	-17.62
2530	-61.87	-17.63
2531	-61.86	-17.63
2532	-61.85	-17.63
2533	-61.85	-17.64
2534	-61.85	-17.64
2535	-61.84	-17.65
2536	-61.84	-17.65
2537	-61.83	-17.65
2538	-61.82	-17.66
2539	-61.82	-17.66
2540	-61.81	-17.66
2541	-61.80	-17.67
2542	-61.80	-17.67
2543	-61.80	-17.67
2544	-61.81	-17.68
2545	-61.80	-17.68
2546	-61.79	-17.68
2547	-61.78	-17.69
2548	-61.77	-17.69
2549	-61.76	-17.69
2550	-61.75	-17.70
2551	-61.75	-17.70
2552	-61.76	-17.70
2553	-61.74	-17.71
2554	-61.74	-17.71
2555	-61.74	-17.71
2556	-61.73	-17.72
2557	-61.73	-17.72
2558	-61.72	-17.72
2559	-61.72	-17.73
2560	-61.71	-17.73
2561	-61.71	-17.73
2562	-61.70	-17.74
2563	-61.70	-17.74
2564	-61.69	-17.74
2565	-61.68	-17.75
2566	-61.68	-17.75
2567	-61.67	-17.75
2568	-61.67	-17.76
2569	-61.67	-17.76
2570	-61.67	-17.76
2571	-61.65	-17.77
2572	-61.66	-17.77
2573	-61.64	-17.77
2574	-61.65	-17.78
2575	-61.64	-17.78
2576	-61.63	-17.78
2577	-61.63	-17.79
2578	-61.63	-17.79
2579	-61.62	-17.79
2580	-61.61	-17.80
2581	-61.61	-17.80
2582	-61.60	-17.80
2583	-61.60	-17.81
2584	-61.59	-17.81
2585	-61.59	-17.81
2586	-61.59	-17.82
2587	-61.57	-17.82
2588	-61.57	-17.82
2589	-61.56	-17.83
2590	-61.56	-17.83
2591	-61.55	-17.83
2592	-61.55	-17.84
2593	-61.54	-17.84
2594	-61.54	-17.84
2595	-61.54	-17.85
2596	-61.53	-17.85
2597	-61.53	-17.85
2598	-61.52	-17.86
2599	-61.52	-17.86
2600	-61.51	-17.86
2601	-61.50	-17.87
2602	-61.50	-17.87
2603	-61.50	-17.87
2604	-61.49	-17.88
2605	-61.49	-17.88
2606	-61.48	-17.88
2607	-61.47	-17.89
2608	-61.47	-17.89
2609	-61.46	-17.89
2610	-61.45	-17.90
2611	-61.45	-17.90
2612	-61.45	-17.90
2613	-61.43	-17.91
2614	-61.44	-17.91
2615	-61.43	-17.91
2616	-61.43	-17.92
2617	-61.43	-17.92
2618	-61.41	-17.92
2619	-61.41	-17.93
2620	-61.40	-17.93
2621	-61.40	-17.93
2622	-61.39	-17.94
2623	-61.39	-17.94
2624	-61.39	-17.94
2625	-61.38	-17.95
2626	-61.38	-17.95
2627	-61.37	-17.95
2628	-61.36	-17.96
2629	-61.35	-17.96
2630	-61.36	-17.96
2631	-61.34	-17.97
2632	-61.34	-17.97
2633	-61.34	-17.97
2634	-61.33	-17.98
2635	-61.32	-17.98
2636	-61.32	-17.98
2637	-61.32	-17.99
2638	-61.31	-17.99
2639	-61.31	-17.99
2640	-61.30	-18.00
2641	-61.30	-18.00
2642	-61.29	-18.00
2643	-61.28	-18.01
2644	-61.28	-18.01
2645	-61.27	-18.01
2646	-61.27	-18.02
2647	-61.27	-18.02
2648	-61.26	-18.02
2649	-61.25	-18.03
2650	-61.25	-18.03
2651	-61.24	-18.03
2652	-61.23	-18.04
2653	-61.23	-18.04
2654	-61.22	-18.04
2655	-61.22	-18.05
2656	-61.22	-18.05
2657	-61.21	-18.05
2658	-61.21	-18.06
2659	-61.20	-18.06
2660	-61.19	-18.06
2661	-61.19	-18.07
2662	-61.18	-18.07
2663	-61.18	-18.07
2664	-61.18	-18.08
2665	-61.17	-18.08
2666	-61.16	-18.08
2667	-61.15	-18.08
2668	-61.16	-18.09
2669	-61.15	-18.09
2670	-61.13	-18.09
2671	-61.14	-18.10
2672	-61.13	-18.10
2673	-61.12	-18.10
2674	-61.12	-18.11
2675	-61.12	-18.11
2676	-61.12	-18.11
2677	-61.11	-18.12
2678	-61.09	-18.12
2679	-61.10	-18.12
2680	-61.09	-18.13
2681	-61.09	-18.13
2682	-61.08	-18.13
2683	-61.08	-18.14
2684	-61.07	-18.14
2685	-61.06	-18.14
2686	-61.06	-18.15
2687	-61.05	-18.15
2688	-61.05	-18.15
2689	-61.04	-18.16
2690	-61.03	-18.16
2691	-61.02	-18.16
2692	-61.01	-18.17
2693	-61.02	-18.17
2694	-61.01	-18.17
2695	-61.00	-18.18
2696	-61.00	-18.18
2697	-61.00	-18.18
2698	-60.99	-18.19
2699	-60.98	-18.19
2700	-60.98	-18.19
2701	-60.98	-18.20
2702	-60.98	-18.20
2703	-60.96	-18.20
2704	-60.96	-18.20
2705	-60.95	-18.21
2706	-60.95	-18.21
2707	-60.95	-18.21
2708	-60.94	-18.22
2709	-60.94	-18.22
2710	-60.92	-18.22
2711	-60.92	-18.23
2712	-60.92	-18.23
2713	-60.92	-18.23
2714	-60.91	-18.24
2715	-60.91	-18.24
2716	-60.89	-18.24
2717	-60.89	-18.25
2718	-60.88	-18.25
2719	-60.87	-18.25
2720	-60.87	-18.26
2721	-60.86	-18.26
2722	-60.86	-18.26
2723	-60.85	-18.27
2724	-60.86	-18.27
2725	-60.86	-18.27
2726	-60.84	-18.28
2727	-60.83	-18.28
2728	-60.84	-18.28
2729	-60.83	-18.28
2730	-60.83	-18.29
2731	-60.82	-18.29
2732	-60.81	-18.29
2733	-60.81	-18.30
2734	-60.80	-18.30
2735	-60.79	-18.30
2736	-60.79	-18.31
2737	-60.79	-18.31
2738	-60.78	-18.31
2739	-60.77	-18.32
2740	-60.77	-18.32
2741	-60.76	-18.32
2742	-60.76	-18.33
2743	-60.75	-18.33
2744	-60.74	-18.33
2745	-60.74	-18.34
2746	-60.73	-18.34
2747	-60.73	-18.34
2748	-60.72	-18.34
2749	-60.72	-18.35
2750	-60.71	-18.35
2751	-60.70	-18.35
2752	-60.70	-18.36
2753	-60.69	-18.36
2754	-60.69	-18.36
2755	-60.69	-18.37
2756	-60.67	-18.37
2757	-60.67	-18.37
2758	-60.67	-18.38
2759	-60.66	-18.38
2760	-60.66	-18.38
2761	-60.65	-18.39
2762	-60.65	-18.39
2763	-60.64	-18.39
2764	-60.64	-18.40
2765	-60.63	-18.40
2766	-60.62	-18.40
2767	-60.62	-18.41
2768	-60.62	-18.41
2769	-60.61	-18.41
2770	-60.60	-18.41
2771	-60.60	-18.42
2772	-60.59	-18.42
2773	-60.58	-18.42
2774	-60.57	-18.43
2775	-60.58	-18.43
2776	-60.56	-18.43
2777	-60.56	-18.44
2778	-60.56	-18.44
2779	-60.55	-18.44
2780	-60.55	-18.45
2781	-60.54	-18.45
2782	-60.53	-18.45
2783	-60.52	-18.46
2784	-60.53	-18.46
2785	-60.52	-18.46
2786	-60.52	-18.46
2787	-60.50	-18.47
2788	-60.51	-18.47
2789	-60.50	-18.47
2790	-60.49	-18.48
2791	-60.49	-18.48
2792	-60.48	-18.48
2793	-60.49	-18.49
2794	-60.47	-18.49
2795	-60.47	-18.49
2796	-60.46	-18.50
2797	-60.46	-18.50
2798	-60.45	-18.50
2799	-60.44	-18.50
2800	-60.43	-18.51
2801	-60.43	-18.51
2802	-60.42	-18.51
2803	-60.41	-18.52
2804	-60.41	-18.52
2805	-60.41	-18.52
2806	-60.40	-18.53
2807	-60.40	-18.53
2808	-60.39	-18.53
2809	-60.39	-18.54
2810	-60.38	-18.54
2811	-60.37	-18.54
2812	-60.37	-18.55
2813	-60.37	-18.55
2814	-60.36	-18.55
2815	-60.35	-18.55
2816	-60.35	-18.56
2817	-60.34	-18.56
2818	-60.33	-18.56
2819	-60.33	-18.57
2820	-60.32	-18.57
2821	-60.32	-18.57
2822	-60.31	-18.58
2823	-60.30	-18.58
2824	-60.31	-18.58
2825	-60.30	-18.59
2826	-60.30	-18.59
2827	-60.29	-18.59
2828	-60.28	-18.60
2829	-60.28	-18.60
2830	-60.27	-18.60
2831	-60.27	-18.60
2832	-60.26	-18.61
2833	-60.25	-18.61
2834	-60.24	-18.61
2835	-60.24	-18.62
2836	-60.24	-18.62
2837	-60.22	-18.62
2838	-60.23	-18.63
2839	-60.21	-18.63
2840	-60.21	-18.63
2841	-60.21	-18.63
2842	-60.21	-18.64
2843	-60.20	-18.64
2844	-60.19	-18.64
2845	-60.19	-18.65
2846	-60.18	-18.65
2847	-60.17	-18.65
2848	-60.17	-18.66
2849	-60.16	-18.66
2850	-60.15	-18.66
2851	-60.15	-18.67
2852	-60.14	-18.67
2853	-60.15	-18.67
2854	-60.14	-18.67
2855	-60.13	-18.68
2856	-60.13	-18.68
2857	-60.12	-18.68
2858	-60.11	-18.69
2859	-60.12	-18.69
2860	-60.11	-18.69
2861	-60.10	-18.70
2862	-60.08	-18.70
2863	-60.08	-18.70
2864	-60.07	-18.71
2865	-60.07	-18.71
2866	-60.07	-18.71
2867	-60.07	-18.71
2868	-60.05	-18.72
2869	-60.05	-18.72
2870	-60.04	-18.72
2871	-60.03	-18.73
2872	-60.03	-18.73
2873	-60.02	-18.73
2874	-60.02	-18.74
2875	-60.01	-18.74
2876	-60.01	-18.74
2877	-60.01	-18.74
2878	-60.00	-18.75
2879	-60.00	-18.75
2880	-59.98	-18.75
2881	-59.99	-18.76
2882	-59.96	-18.76
2883	-59.97	-18.76
2884	-59.96	-18.77
2885	-59.96	-18.77
2886	-59.95	-18.77
2887	-59.95	-18.77
2888	-59.94	-18.78
2889	-59.94	-18.78
2890	-59.93	-18.78
2891	-59.92	-18.79
2892	-59.92	-18.79
2893	-59.92	-18.79
2894	-59.91	-18.80
2895	-59.91	-18.80
2896	-59.90	-18.80
2897	-59.89	-18.80
2898	-59.88	-18.81
2899	-59.88	-18.81
2900	-59.89	-18.81
2901	-59.87	-18.82
2902	-59.87	-18.82
2903	-59.85	-18.82
2904	-59.85	-18.83
2905	-59.85	-18.83
2906	-59.84	-18.83
2907	-59.83	-18.84
2908	-59.83	-18.84
2909	-59.83	-18.84
2910	-59.82	-18.84
2911	-59.81	-18.85
2912	-59.81	-18.85
2913	-59.80	-18.85
2914	-59.80	-18.86
2915	-59.80	-18.86
2916	-59.78	-18.86
2917	-59.77	-18.87
2918	-59.77	-18.87
2919	-59.76	-18.87
2920	-59.76	-18.87
2921	-59.75	-18.88
2922	-59.75	-18.88
2923	-59.74	-18.88
2924	-59.74	-18.89
2925	-59.74	-18.89
2926	-59.73	-18.89
2927	-59.72	-18.90
2928	-59.71	-18.90
2929	-59.71	-18.90
2930	-59.69	-18.90
2931	-59.70	-18.91
2932	-59.69	-18.91
2933	-59.69	-18.91
2934	-59.68	-18.92
2935	-59.66	-18.92
2936	-59.67	-18.92
2937	-59.67	-18.93
2938	-59.65	-18.93
2939	-59.66	-18.93
2940	-59.65	-18.93
2941	-59.64	-18.94
2942	-59.63	-18.94
2943	-59.62	-18.94
2944	-59.62	-18.95
2945	-59.61	-18.95
2946	-59.61	-18.95
2947	-59.61	-18.95
2948	-59.60	-18.96
2949	-59.59	-18.96
2950	-59.58	-18.96
2951	-59.59	-18.97
2952	-59.57	-18.97
2953	-59.57	-18.97
2954	-59.57	-18.98
2955	-59.56	-18.98
2956	-59.56	-18.98
2957	-59.54	-18.98
2958	-59.54	-18.99
2959	-59.54	-18.99
2960	-59.52	-18.99
2961	-59.53	-19.00
2962	-59.51	-19.00
2963	-59.52	-19.00
2964	-59.51	-19.01
2965	-59.50	-19.01
2966	-59.49	-19.01
2967	-59.49	-19.01
2968	-59.47	-19.02
2969	-59.48	-19.02
2970	-59.46	-19.02
2971	-59.47	-19.03
2972	-59.46	-19.03
2973	-59.46	-19.03
2974	-59.45	-19.03
2975	-59.45	-19.04
2976	-59.44	-19.04
2977	-59.42	-19.04
2978	-59.43	-19.05
2979	-59.42	-19.05
2980	-59.41	-19.05
2981	-59.40	-19.06
2982	-59.40	-19.06
2983	-59.40	-19.06
2984	-59.39	-19.06
2985	-59.38	-19.07
2986	-59.38	-19.07
2987	-59.38	-19.07
2988	-59.37	-19.08
2989	-59.36	-19.08
2990	-59.35	-19.08
2991	-59.35	-19.08
2992	-59.34	-19.09
2993	-59.33	-19.09
2994	-59.33	-19.09
2995	-59.33	-19.10
2996	-59.33	-19.10
2997	-59.32	-19.10
2998	-59.31	-19.10
2999	-59.29	-19.11
3000	-59.29	-19.11
3001	-59.29	-19.11
3002	-59.28	-19.12
3003	-59.28	-19.12
3004	-59.27	-19.12
3005	-59.27	-19.13
3006	-59.26	-19.13
3007	-59.26	-19.13
3008	-59.25	-19.13
3009	-59.24	-19.14
3010	-59.24	-19.14
3011	-59.23	-19.14
3012	-59.23	-19.15
3013	-59.22	-19.15
3014	-59.21	-19.15
3015	-59.20	-19.15
3016	-59.20	-19.16
3017	-59.19	-19.16
3018	-59.19	-19.16
3019	-59.18	-19.17
3020	-59.18	-19.17
3021	-59.17	-19.17
3022	-59.17	-19.18
3023	-59.16	-19.18
3024	-59.16	-19.18
3025	-59.16	-19.18
3026	-59.15	-19.19
3027	-59.15	-19.19
3028	-59.14	-19.19
3029	-59.13	-19.20
3030	-59.12	-19.20
3031	-59.11	-19.20
3032	-59.11	-19.20
3033	-59.11	-19.21
3034	-59.10	-19.21
3035	-59.09	-19.21
3036	-59.08	-19.22
3037	-59.09	-19.22
3038	-59.08	-19.22
3039	-59.08	-19.22
3040	-59.05	-19.23
3041	-59.06	-19.23
3042	-59.05	-19.23
3043	-59.04	-19.24
3044	-59.04	-19.24
3045	-59.03	-19.24
3046	-59.03	-19.24
3047	-59.02	-19.25
3048	-59.02	-19.25
3049	-59.01	-19.25
3050	-59.00	-19.26
3051	-58.99	-19.26
3052	-58.99	-19.26
3053	-58.98	-19.26
3054	-58.97	-19.27
3055	-58.98	-19.27
3056	-58.97	-19.27
3057	-58.96	-19.28
3058	-58.96	-19.28
3059	-58.95	-19.28
3060	-58.95	-19.28
3061	-58.93	-19.29
3062	-58.94	-19.29
3063	-58.93	-19.29
3064	-58.92	-19.30
3065	-58.92	-19.30
3066	-58.91	-19.30
3067	-58.90	-19.30
3068	-58.90	-19.31
3069	-58.88	-19.31
3070	-58.88	-19.31
3071	-58.87	-19.32
3072	-58.86	-19.32
3073	-58.87	-19.32
3074	-58.86	-19.32
3075	-58.85	-19.33
3076	-58.84	-19.33
3077	-58.84	-19.33
3078	-58.84	-19.34
3079	-58.81	-19.34
3080	-58.82	-19.34
3081	-58.82	-19.34
3082	-58.81	-19.35
3083	-58.80	-19.35
3084	-58.80	-19.35
3085	-58.79	-19.36
3086	-58.79	-19.36
3087	-58.78	-19.36
3088	-58.78	-19.36
3089	-58.76	-19.37
3090	-58.75	-19.37
3091	-58.76	-19.37
3092	-58.75	-19.38
3093	-58.74	-19.38
3094	-58.74	-19.38
3095	-58.74	-19.38
3096	-58.73	-19.39
3097	-58.72	-19.39
3098	-58.71	-19.39
3099	-58.71	-19.40
3100	-58.71	-19.40
3101	-58.70	-19.40
3102	-58.70	-19.40
3103	-58.69	-19.41
3104	-58.68	-19.41
3105	-58.68	-19.41
3106	-58.66	-19.42
3107	-58.66	-19.42
3108	-58.66	-19.42
3109	-58.66	-19.42
3110	-58.64	-19.43
3111	-58.64	-19.43
3112	-58.63	-19.43
3113	-58.63	-19.43
3114	-58.62	-19.44
3115	-58.61	-19.44
3116	-58.61	-19.44
3117	-58.60	-19.45
3118	-58.59	-19.45
3119	-58.59	-19.45
3120	-58.58	-19.46
3121	-58.58	-19.46
3122	-58.57	-19.46
3123	-58.57	-19.46
3124	-58.57	-19.47
3125	-58.55	-19.47
3126	-58.55	-19.47
3127	-58.54	-19.48
3128	-58.54	-19.48
3129	-58.53	-19.48
3130	-58.52	-19.48
3131	-58.51	-19.49
3132	-58.50	-19.49
3133	-58.50	-19.49
3134	-58.50	-19.49
3135	-58.50	-19.50
3136	-58.48	-19.50
3137	-58.48	-19.50
3138	-58.48	-19.51
3139	-58.48	-19.51
3140	-58.45	-19.51
3141	-58.46	-19.51
3142	-58.45	-19.52
3143	-58.45	-19.52
3144	-58.44	-19.52
3145	-58.43	-19.53
3146	-58.42	-19.53
3147	-58.42	-19.53
3148	-58.42	-19.53
3149	-58.42	-19.54
3150	-58.40	-19.54
3151	-58.39	-19.54
3152	-58.38	-19.55
3153	-58.39	-19.55
3154	-58.37	-19.55
3155	-58.37	-19.55
3156	-58.37	-19.56
3157	-58.36	-19.56
3158	-58.36	-19.56
3159	-58.35	-19.56
3160	-58.34	-19.57
3161	-58.34	-19.57
3162	-58.33	-19.57
3163	-58.33	-19.58
3164	-58.32	-19.58
3165	-58.31	-19.58
3166	-58.30	-19.58
3167	-58.30	-19.59
3168	-58.30	-19.59
3169	-58.29	-19.59
3170	-58.28	-19.60
3171	-58.27	-19.60
3172	-58.27	-19.60
3173	-58.26	-19.60
3174	-58.25	-19.61
3175	-58.25	-19.61
3176	-58.25	-19.61
3177	-58.24	-19.62
3178	-58.23	-19.62
3179	-58.23	-19.62
3180	-58.23	-19.62
3181	-58.22	-19.63
3182	-58.21	-19.63
3183	-58.20	-19.63
3184	-58.20	-19.63
3185	-58.19	-19.64
3186	-58.18	-19.64
3187	-58.18	-19.64
3188	-58.17	-19.64
3189	-58.16	-19.65
3190	-58.16	-19.65
3191	-58.16	-19.65
3192	-58.14	-19.66
3193	-58.14	-19.66
3194	-58.14	-19.66
3195	-58.12	-19.66
3196	-58.13	-19.67
3197	-58.11	-19.67
3198	-58.11	-19.67
3199	-58.10	-19.68
3200	-58.11	-19.68
3201	-58.10	-19.68
3202	-58.09	-19.68
3203	-58.09	-19.69
3204	-58.08	-19.69
3205	-58.07	-19.69
3206	-58.07	-19.69
3207	-58.06	-19.70
3208	-58.04	-19.70
3209	-58.04	-19.70
3210	-58.04	-19.71
3211	-58.03	-19.71
3212	-58.03	-19.71
3213	-58.02	-19.71
3214	-58.01	-19.72
3215	-58.00	-19.72
3216	-58.01	-19.72
3217	-58.00	-19.73
3218	-57.99	-19.73
3219	-57.97	-19.73
3220	-57.98	-19.73
3221	-57.97	-19.74
3222	-57.96	-19.74
3223	-57.96	-19.74
3224	-57.95	-19.74
3225	-57.95	-19.75
3226	-57.94	-19.75
3227	-57.93	-19.75
3228	-57.93	-19.75
3229	-57.92	-19.76
3230	-57.92	-19.76
3231	-57.91	-19.76
3232	-57.90	-19.77
3233	-57.90	-19.77
3234	-57.89	-19.77
3235	-57.88	-19.77
3236	-57.88	-19.78
3237	-57.88	-19.78
3238	-57.86	-19.78
3239	-57.86	-19.79
3240	-57.86	-19.79
3241	-57.84	-19.79
3242	-57.85	-19.79
3243	-57.84	-19.80
3244	-57.83	-19.80
3245	-57.82	-19.80
3246	-57.82	-19.80
3247	-57.81	-19.81
3248	-57.80	-19.81
3249	-57.80	-19.81
3250	-57.78	-19.81
3251	-57.79	-19.82
3252	-57.78	-19.82
3253	-57.78	-19.82
3254	-57.78	-19.83
3255	-57.76	-19.83
3256	-57.76	-19.83
3257	-57.74	-19.83
3258	-57.75	-19.84
3259	-57.73	-19.84
3260	-57.74	-19.84
3261	-57.73	-19.84
3262	-57.72	-19.85
3263	-57.71	-19.85
3264	-57.71	-19.85
3265	-57.70	-19.86
3266	-57.69	-19.86
3267	-57.69	-19.86
3268	-57.68	-19.86
3269	-57.67	-19.87
3270	-57.67	-19.87
3271	-57.66	-19.87
3272	-57.66	-19.87
3273	-57.66	-19.88
3274	-57.64	-19.88
3275	-57.64	-19.88
3276	-57.64	-19.89
3277	-57.63	-19.89
3278	-57.62	-19.89
3279	-57.62	-19.89
3280	-57.61	-19.90
3281	-57.60	-19.90
3282	-57.59	-19.90
3283	-57.58	-19.90
3284	-57.57	-19.91
3285	-57.57	-19.91
3286	-57.57	-19.91
3287	-57.56	-19.92
3288	-57.56	-19.92
3289	-57.56	-19.92
3290	-57.55	-19.92
3291	-57.54	-19.93
3292	-57.53	-19.93
3293	-57.53	-19.93
3294	-57.52	-19.93
3295	-57.52	-19.94
3296	-57.51	-19.94
3297	-57.50	-19.94
3298	-57.49	-19.94
3299	-57.49	-19.95
3300	-57.48	-19.95
3301	-57.48	-19.95
3302	-57.47	-19.96
3303	-57.47	-19.96
3304	-57.46	-19.96
3305	-57.46	-19.96
3306	-57.45	-19.97
3307	-57.43	-19.97
3308	-57.42	-19.97
3309	-57.43	-19.97
3310	-57.43	-19.98
3311	-57.41	-19.98
3312	-57.41	-19.98
3313	-57.41	-19.98
3314	-57.40	-19.99
3315	-57.39	-19.99
3316	-57.38	-19.99
3317	-57.38	-19.99
3318	-57.37	-20.00
3319	-57.36	-20.00
3320	-57.36	-20.00
3321	-57.35	-20.01
3322	-57.35	-20.01
3323	-57.33	-20.01
3324	-57.34	-20.01
3325	-57.33	-20.02
3326	-57.31	-20.02
3327	-57.32	-20.02
3328	-57.31	-20.02
3329	-57.30	-20.03
3330	-57.30	-20.03
3331	-57.28	-20.03
3332	-57.28	-20.04
3333	-57.28	-20.04
3334	-57.26	-20.04
3335	-57.25	-20.04
3336	-57.26	-20.05
3337	-57.25	-20.05
3338	-57.24	-20.05
3339	-57.24	-20.05
3340	-57.24	-20.06
3341	-57.22	-20.06
3342	-57.22	-20.06
3343	-57.21	-20.06
3344	-57.21	-20.07
3345	-57.20	-20.07
3346	-57.19	-20.07
3347	-57.19	-20.07
3348	-57.19	-20.08
3349	-57.17	-20.08
3350	-57.18	-20.08
3351	-57.16	-20.08
3352	-57.17	-20.09
3353	-57.15	-20.09
3354	-57.14	-20.09
3355	-57.15	-20.10
3356	-57.14	-20.10
3357	-57.13	-20.10
3358	-57.10	-20.10
3359	-57.10	-20.11
3360	-57.11	-20.11
3361	-57.10	-20.11
3362	-57.09	-20.11
3363	-57.09	-20.12
3364	-57.08	-20.12
3365	-57.07	-20.12
3366	-57.07	-20.12
3367	-57.07	-20.13
3368	-57.06	-20.13
3369	-57.06	-20.13
3370	-57.04	-20.14
3371	-57.03	-20.14
3372	-57.04	-20.14
3373	-57.03	-20.14
3374	-57.02	-20.15
3375	-57.01	-20.15
3376	-57.01	-20.15
3377	-57.00	-20.15
3378	-57.00	-20.16
3379	-56.99	-20.16
3380	-56.97	-20.16
3381	-56.97	-20.16
3382	-56.97	-20.17
3383	-56.96	-20.17
3384	-56.95	-20.17
3385	-56.94	-20.18
3386	-56.94	-20.18
3387	-56.93	-20.18
3388	-56.93	-20.18
3389	-56.93	-20.19
3390	-56.93	-20.19
3391	-56.92	-20.19
3392	-56.91	-20.19
3393	-56.89	-20.20
3394	-56.90	-20.20
3395	-56.89	-20.20
3396	-56.88	-20.20
3397	-56.88	-20.21
3398	-56.86	-20.21
3399	-56.88	-20.21
3400	-56.86	-20.21
3401	-56.85	-20.22
3402	-56.84	-20.22
3403	-56.83	-20.22
3404	-56.83	-20.22
3405	-56.83	-20.23
3406	-56.82	-20.23
3407	-56.81	-20.23
3408	-56.80	-20.23
3409	-56.80	-20.24
3410	-56.79	-20.24
3411	-56.78	-20.24
3412	-56.79	-20.25
3413	-56.79	-20.25
3414	-56.76	-20.25
3415	-56.75	-20.25
3416	-56.76	-20.26
3417	-56.75	-20.26
3418	-56.74	-20.26
3419	-56.73	-20.26
3420	-56.73	-20.27
3421	-56.72	-20.27
3422	-56.72	-20.27
3423	-56.71	-20.27
3424	-56.69	-20.28
3425	-56.70	-20.28
3426	-56.69	-20.28
3427	-56.68	-20.28
3428	-56.68	-20.29
3429	-56.68	-20.29
3430	-56.66	-20.29
3431	-56.66	-20.29
3432	-56.65	-20.30
3433	-56.66	-20.30
3434	-56.63	-20.30
3435	-56.63	-20.31
3436	-56.64	-20.31
3437	-56.63	-20.31
3438	-56.61	-20.31
3439	-56.60	-20.32
3440	-56.60	-20.32
3441	-56.59	-20.32
3442	-56.59	-20.32
3443	-56.58	-20.33
3444	-56.57	-20.33
3445	-56.57	-20.33
3446	-56.56	-20.33
3447	-56.56	-20.34
3448	-56.56	-20.34
3449	-56.55	-20.34
3450	-56.54	-20.34
3451	-56.53	-20.35
3452	-56.53	-20.35
3453	-56.51	-20.35
3454	-56.52	-20.35
3455	-56.50	-20.36
3456	-56.50	-20.36
3457	-56.50	-20.36
3458	-56.49	-20.36
3459	-56.47	-20.37
3460	-56.48	-20.37
3461	-56.47	-20.37
3462	-56.46	-20.37
3463	-56.45	-20.38
3464	-56.45	-20.38
3465	-56.45	-20.38
3466	-56.43	-20.38
3467	-56.43	-20.39
3468	-56.43	-20.39
3469	-56.41	-20.39
3470	-56.41	-20.40
3471	-56.41	-20.40
3472	-56.40	-20.40
3473	-56.40	-20.40
3474	-56.38	-20.40
3475	-56.38	-20.41
3476	-56.37	-20.41
3477	-56.36	-20.41
3478	-56.36	-20.42
3479	-56.35	-20.42
3480	-56.35	-20.42
3481	-56.35	-20.42
3482	-56.34	-20.43
3483	-56.34	-20.43
3484	-56.33	-20.43
3485	-56.32	-20.43
3486	-56.31	-20.44
3487	-56.30	-20.44
3488	-56.29	-20.44
3489	-56.29	-20.44
3490	-56.27	-20.45
3491	-56.28	-20.45
3492	-56.28	-20.45
3493	-56.27	-20.45
3494	-56.26	-20.46
3495	-56.25	-20.46
3496	-56.24	-20.46
3497	-56.24	-20.46
3498	-56.24	-20.47
3499	-56.23	-20.47
3500	-56.22	-20.47
3501	-56.21	-20.47
3502	-56.21	-20.48
3503	-56.20	-20.48
3504	-56.20	-20.48
3505	-56.19	-20.48
3506	-56.18	-20.49
3507	-56.17	-20.49
3508	-56.17	-20.49
3509	-56.16	-20.49
3510	-56.16	-20.50
3511	-56.14	-20.50
3512	-56.15	-20.50
3513	-56.15	-20.50
3514	-56.14	-20.51
3515	-56.13	-20.51
3516	-56.12	-20.51
3517	-56.11	-20.51
3518	-56.11	-20.52
3519	-56.10	-20.52
3520	-56.09	-20.52
3521	-56.08	-20.52
3522	-56.08	-20.53
3523	-56.07	-20.53
3524	-56.06	-20.53
3525	-56.07	-20.53
3526	-56.06	-20.54
3527	-56.05	-20.54
3528	-56.04	-20.54
3529	-56.04	-20.55
3530	-56.03	-20.55
3531	-56.02	-20.55
3532	-56.01	-20.55
3533	-56.01	-20.56
3534	-56.00	-20.56
3535	-56.01	-20.56
3536	-55.99	-20.56
3537	-55.98	-20.57
3538	-55.98	-20.57
3539	-55.98	-20.57
3540	-55.96	-20.57
3541	-55.96	-20.58
3542	-55.95	-20.58
3543	-55.94	-20.58
3544	-55.95	-20.58
3545	-55.92	-20.59
3546	-55.93	-20.59
3547	-55.92	-20.59
3548	-55.91	-20.59
3549	-55.90	-20.60
3550	-55.89	-20.60
3551	-55.89	-20.60
3552	-55.88	-20.60
3553	-55.88	-20.61
3554	-55.87	-20.61
3555	-55.88	-20.61
3556	-55.86	-20.61
3557	-55.86	-20.62
3558	-55.86	-20.62
3559	-55.85	-20.62
3560	-55.83	-20.62
3561	-55.82	-20.63
3562	-55.83	-20.63
3563	-55.81	-20.63
3564	-55.81	-20.63
3565	-55.81	-20.64
3566	-55.80	-20.64
3567	-55.80	-20.64
3568	-55.78	-20.64
3569	-55.79	-20.64
3570	-55.76	-20.65
3571	-55.76	-20.65
3572	-55.75	-20.65
3573	-55.75	-20.66
3574	-55.75	-20.66
3575	-55.74	-20.66
3576	-55.73	-20.66
3577	-55.73	-20.67
3578	-55.72	-20.67
3579	-55.72	-20.67
3580	-55.71	-20.67
3581	-55.70	-20.68
3582	-55.70	-20.68
3583	-55.69	-20.68
3584	-55.68	-20.68
3585	-55.68	-20.69
3586	-55.67	-20.69
3587	-55.66	-20.69
3588	-55.66	-20.69
3589	-55.65	-20.69
3590	-55.64	-20.70
3591	-55.63	-20.70
3592	-55.62	-20.70
3593	-55.61	-20.70
3594	-55.63	-20.71
3595	-55.60	-20.71
3596	-55.61	-20.71
3597	-55.60	-20.71
3598	-55.59	-20.72
3599	-55.59	-20.72
3600	-55.58	-20.72
3601	-55.57	-20.72
3602	-55.56	-20.73
3603	-55.56	-20.73
3604	-55.55	-20.73
3605	-55.54	-20.73
3606	-55.53	-20.74
3607	-55.53	-20.74
3608	-55.53	-20.74
3609	-55.53	-20.74
3610	-55.52	-20.75
3611	-55.50	-20.75
3612	-55.50	-20.75
3613	-55.49	-20.75
3614	-55.48	-20.76
3615	-55.47	-20.76
3616	-55.47	-20.76
3617	-55.46	-20.76
3618	-55.47	-20.77
3619	-55.46	-20.77
3620	-55.45	-20.77
3621	-55.44	-20.77
3622	-55.43	-20.78
3623	-55.43	-20.78
3624	-55.42	-20.78
3625	-55.42	-20.78
3626	-55.42	-20.79
3627	-55.40	-20.79
3628	-55.39	-20.79
3629	-55.39	-20.79
3630	-55.39	-20.80
3631	-55.38	-20.80
3632	-55.37	-20.80
3633	-55.36	-20.80
3634	-55.35	-20.81
3635	-55.36	-20.81
3636	-55.33	-20.81
3637	-55.34	-20.81
3638	-55.33	-20.82
3639	-55.33	-20.82
3640	-55.32	-20.82
3641	-55.31	-20.82
3642	-55.31	-20.83
3643	-55.30	-20.83
3644	-55.28	-20.83
3645	-55.27	-20.83
3646	-55.28	-20.84
3647	-55.28	-20.84
3648	-55.26	-20.84
3649	-55.26	-20.84
3650	-55.26	-20.85
3651	-55.25	-20.85
3652	-55.24	-20.85
3653	-55.24	-20.85
3654	-55.22	-20.86
3655	-55.21	-20.86
3656	-55.21	-20.86
3657	-55.21	-20.86
3658	-55.21	-20.87
3659	-55.20	-20.87
3660	-55.19	-20.87
3661	-55.20	-20.87
3662	-55.19	-20.88
3663	-55.18	-20.88
3664	-55.16	-20.88
3665	-55.15	-20.88
3666	-55.14	-20.89
3667	-55.14	-20.89
3668	-55.14	-20.89
3669	-55.14	-20.89
3670	-55.12	-20.90
3671	-55.12	-20.90
3672	-55.12	-20.90
3673	-55.10	-20.90
3674	-55.10	-20.90
3675	-55.08	-20.91
3676	-55.08	-20.91
3677	-55.07	-20.91
3678	-55.07	-20.91
3679	-55.05	-20.92
3680	-55.06	-20.92
3681	-55.05	-20.92
3682	-55.04	-20.92
3683	-55.04	-20.93
3684	-55.02	-20.93
3685	-55.03	-20.93
3686	-55.01	-20.93
3687	-55.01	-20.94
3688	-55.00	-20.94
3689	-54.99	-20.94
3690	-54.99	-20.94
3691	-54.98	-20.95
3692	-54.98	-20.95
3693	-54.98	-20.95
3694	-54.96	-20.95
3695	-54.97	-20.96
3696	-54.96	-20.96
3697	-54.94	-20.96
3698	-54.95	-20.96
3699	-54.94	-20.97
3700	-54.93	-20.97
3701	-54.92	-20.97
3702	-54.91	-20.97
3703	-54.91	-20.97
3704	-54.89	-20.98
3705	-54.90	-20.98
3706	-54.89	-20.98
3707	-54.88	-20.99
3708	-54.88	-20.99
3709	-54.85	-20.99
3710	-54.86	-20.99
3711	-54.86	-20.99
3712	-54.84	-21.00
3713	-54.84	-21.00
3714	-54.83	-21.00
3715	-54.83	-21.00
3716	-54.82	-21.01
3717	-54.81	-21.01
3718	-54.80	-21.01
3719	-54.80	-21.01
3720	-54.79	-21.02
3721	-54.79	-21.02
3722	-54.78	-21.02
3723	-54.76	-21.02
3724	-54.77	-21.03
3725	-54.75	-21.03
3726	-54.75	-21.03
3727	-54.75	-21.03
3728	-54.73	-21.04
3729	-54.73	-21.04
3730	-54.72	-21.04
3731	-54.72	-21.04
3732	-54.70	-21.05
3733	-54.71	-21.05
3734	-54.70	-21.05
3735	-54.69	-21.05
3736	-54.69	-21.06
3737	-54.68	-21.06
3738	-54.68	-21.06
3739	-54.66	-21.06
3740	-54.66	-21.07
3741	-54.65	-21.07
3742	-54.65	-21.07
3743	-54.64	-21.07
3744	-54.63	-21.07
3745	-54.63	-21.08
3746	-54.62	-21.08
3747	-54.61	-21.08
3748	-54.61	-21.08
3749	-54.60	-21.09
3750	-54.60	-21.09
3751	-54.59	-21.09
3752	-54.59	-21.09
3753	-54.57	-21.10
3754	-54.56	-21.10
3755	-54.57	-21.10
3756	-54.55	-21.10
3757	-54.55	-21.11
3758	-54.54	-21.11
3759	-54.54	-21.11
3760	-54.52	-21.11
3761	-54.51	-21.12
3762	-54.51	-21.12
3763	-54.51	-21.12
3764	-54.50	-21.12
3765	-54.50	-21.12
3766	-54.48	-21.13
3767	-54.49	-21.13
3768	-54.48	-21.13
3769	-54.47	-21.13
3770	-54.47	-21.14
3771	-54.45	-21.14
3772	-54.45	-21.14
3773	-54.44	-21.14
3774	-54.44	-21.15
3775	-54.44	-21.15
3776	-54.42	-21.15
3777	-54.42	-21.15
3778	-54.41	-21.16
3779	-54.41	-21.16
3780	-54.41	-21.16
3781	-54.39	-21.16
3782	-54.38	-21.17
3783	-54.38	-21.17
3784	-54.37	-21.17
3785	-54.36	-21.17
3786	-54.37	-21.18
3787	-54.34	-21.18
3788	-54.35	-21.18
3789	-54.34	-21.18
3790	-54.33	-21.18
3791	-54.33	-21.19
3792	-54.32	-21.19
3793	-54.31	-21.19
3794	-54.30	-21.19
3795	-54.30	-21.20
3796	-54.30	-21.20
3797	-54.29	-21.20
3798	-54.27	-21.20
3799	-54.27	-21.21
3800	-54.28	-21.21
3801	-54.27	-21.21
3802	-54.25	-21.21
3803	-54.24	-21.22
3804	-54.23	-21.22
3805	-54.24	-21.22
3806	-54.22	-21.22
3807	-54.22	-21.22
3808	-54.21	-21.23
3809	-54.21	-21.23
3810	-54.19	-21.23
3811	-54.19	-21.23
3812	-54.19	-21.24
3813	-54.18	-21.24
3814	-54.17	-21.24
3815	-54.16	-21.24
3816	-54.15	-21.25
3817	-54.15	-21.25
3818	-54.14	-21.25
3819	-54.14	-21.25
3820	-54.13	-21.26
3821	-54.12	-21.26
3822	-54.12	-21.26
3823	-54.11	-21.26
3824	-54.10	-21.26
3825	-54.10	-21.27
3826	-54.09	-21.27
3827	-54.08	-21.27
3828	-54.07	-21.27
3829	-54.07	-21.28
3830	-54.06	-21.28
3831	-54.07	-21.28
3832	-54.05	-21.28
3833	-54.05	-21.29
3834	-54.05	-21.29
3835	-54.04	-21.29
3836	-54.03	-21.29
3837	-54.01	-21.29
3838	-54.01	-21.30
3839	-54.00	-21.30
3840	-54.00	-21.30
3841	-53.99	-21.30
3842	-53.99	-21.31
3843	-53.98	-21.31
3844	-53.96	-21.31
3845	-53.97	-21.31
3846	-53.96	-21.32
3847	-53.96	-21.32
3848	-53.94	-21.32
3849	-53.93	-21.32
3850	-53.93	-21.33
3851	-53.93	-21.33
3852	-53.92	-21.33
3853	-53.91	-21.33
3854	-53.90	-21.33
3855	-53.90	-21.34
3856	-53.89	-21.34
3857	-53.89	-21.34
3858	-53.89	-21.34
3859	-53.87	-21.35
3860	-53.86	-21.35
3861	-53.85	-21.35
3862	-53.86	-21.35
3863	-53.84	-21.36
3864	-53.84	-21.36
3865	-53.83	-21.36
3866	-53.83	-21.36
3867	-53.82	-21.36
3868	-53.81	-21.37
3869	-53.81	-21.37
3870	-53.80	-21.37
3871	-53.79	-21.37
3872	-53.78	-21.38
3873	-53.78	-21.38
3874	-53.77	-21.38
3875	-53.76	-21.38
3876	-53.76	-21.39
3877	-53.75	-21.39
3878	-53.75	-21.39
3879	-53.74	-21.39
3880	-53.75	-21.39
3881	-53.72	-21.40
3882	-53.72	-21.40
3883	-53.71	-21.40
3884	-53.70	-21.40
3885	-53.70	-21.41
3886	-53.69	-21.41
3887	-53.68	-21.41
3888	-53.68	-21.41
3889	-53.67	-21.42
3890	-53.66	-21.42
3891	-53.66	-21.42
3892	-53.66	-21.42
3893	-53.65	-21.43
3894	-53.62	-21.43
3895	-53.64	-21.43
3896	-53.62	-21.43
3897	-53.62	-21.43
3898	-53.62	-21.44
3899	-53.61	-21.44
3900	-53.61	-21.44
3901	-53.59	-21.44
3902	-53.59	-21.45
3903	-53.57	-21.45
3904	-53.57	-21.45
3905	-53.57	-21.45
3906	-53.55	-21.46
3907	-53.55	-21.46
3908	-53.54	-21.46
3909	-53.53	-21.46
3910	-53.53	-21.46
3911	-53.52	-21.47
3912	-53.52	-21.47
3913	-53.50	-21.47
3914	-53.51	-21.47
3915	-53.49	-21.48
3916	-53.48	-21.48
3917	-53.49	-21.48
3918	-53.48	-21.48
3919	-53.47	-21.49
3920	-53.46	-21.49
3921	-53.47	-21.49
3922	-53.44	-21.49
3923	-53.45	-21.49
3924	-53.44	-21.50
3925	-53.44	-21.50
3926	-53.43	-21.50
3927	-53.42	-21.50
3928	-53.41	-21.51
3929	-53.42	-21.51
3930	-53.40	-21.51
3931	-53.40	-21.51
3932	-53.39	-21.52
3933	-53.38	-21.52
3934	-53.36	-21.52
3935	-53.36	-21.52
3936	-53.35	-21.52
3937	-53.34	-21.53
3938	-53.34	-21.53
3939	-53.34	-21.53
3940	-53.33	-21.53
3941	-53.32	-21.54
3942	-53.31	-21.54
3943	-53.31	-21.54
3944	-53.30	-21.54
3945	-53.28	-21.55
3946	-53.29	-21.55
3947	-53.29	-21.55
3948	-53.27	-21.55
3949	-53.27	-21.55
3950	-53.25	-21.56
3951	-53.24	-21.56
3952	-53.25	-21.56
3953	-53.25	-21.56
3954	-53.23	-21.57
3955	-53.23	-21.57
3956	-53.22	-21.57
3957	-53.23	-21.57
3958	-53.21	-21.57
3959	-53.20	-21.58
3960	-53.20	-21.58
3961	-53.19	-21.58
3962	-53.18	-21.58
3963	-53.17	-21.59
3964	-53.16	-21.59
3965	-53.16	-21.59
3966	-53.16	-21.59
3967	-53.14	-21.60
3968	-53.15	-21.60
3969	-53.13	-21.60
3970	-53.15	-21.60
3971	-53.12	-21.60
3972	-53.11	-21.61
3973	-53.10	-21.61
3974	-53.11	-21.61
3975	-53.10	-21.61
3976	-53.09	-21.62
3977	-53.09	-21.62
3978	-53.07	-21.62
3979	-53.06	-21.62
3980	-53.06	-21.63
3981	-53.06	-21.63
3982	-53.05	-21.63
3983	-53.04	-21.63
3984	-53.03	-21.63
3985	-53.01	-21.64
3986	-53.02	-21.64
3987	-53.02	-21.64
3988	-53.00	-21.64
3989	-53.00	-21.65
3990	-53.00	-21.65
3991	-52.99	-21.65
3992	-52.97	-21.65
3993	-52.97	-21.65
3994	-52.97	-21.66
3995	-52.96	-21.66
3996	-52.95	-21.66
3997	-52.95	-21.66
3998	-52.94	-21.67
3999	-52.93	-21.67
4000	-52.92	-21.67
4001	-52.91	-21.67
4002	-52.92	-21.67
4003	-52.90	-21.68
4004	-52.90	-21.68
4005	-52.88	-21.68
4006	-52.88	-21.68
4007	-52.88	-21.69
4008	-52.88	-21.69
4009	-52.86	-21.69
4010	-52.85	-21.69
4011	-52.84	-21.69
4012	-52.85	-21.70
4013	-52.84	-21.70
4014	-52.83	-21.70
4015	-52.84	-21.70
4016	-52.82	-21.71
4017	-52.81	-21.71
4018	-52.80	-21.71
4019	-52.80	-21.71
4020	-52.79	-21.72
4021	-52.79	-21.72
4022	-52.78	-21.72
4023	-52.77	-21.72
4024	-52.76	-21.72
4025	-52.75	-21.73
4026	-52.75	-21.73
4027	-52.75	-21.73
4028	-52.74	-21.73
4029	-52.73	-21.74
4030	-52.71	-21.74
4031	-52.72	-21.74
4032	-52.71	-21.74
4033	-52.71	-21.74
4034	-52.70	-21.75
4035	-52.70	-21.75
4036	-52.68	-21.75
4037	-52.68	-21.75
4038	-52.67	-21.76
4039	-52.66	-21.76
4040	-52.66	-21.76
4041	-52.64	-21.76
4042	-52.64	-21.77
4043	-52.63	-21.77
4044	-52.62	-21.77
4045	-52.62	-21.77
4046	-52.62	-21.77
4047	-52.60	-21.78
4048	-52.61	-21.78
4049	-52.59	-21.78
4050	-52.58	-21.78
4051	-52.58	-21.79
4052	-52.57	-21.79
4053	-52.56	-21.79
4054	-52.56	-21.79
4055	-52.54	-21.79
4056	-52.54	-21.80
4057	-52.55	-21.80
4058	-52.54	-21.80
4059	-52.52	-21.80
4060	-52.52	-21.81
4061	-52.51	-21.81
4062	-52.51	-21.81
4063	-52.49	-21.81
4064	-52.49	-21.81
4065	-52.49	-21.82
4066	-52.48	-21.82
4067	-52.48	-21.82
4068	-52.47	-21.82
4069	-52.45	-21.83
4070	-52.45	-21.83
4071	-52.44	-21.83
4072	-52.45	-21.83
4073	-52.43	-21.83
4074	-52.41	-21.84
4075	-52.42	-21.84
4076	-52.41	-21.84
4077	-52.41	-21.84
4078	-52.39	-21.85
4079	-52.39	-21.85
4080	-52.37	-21.85
4081	-52.39	-21.85
4082	-52.37	-21.85
4083	-52.37	-21.86
4084	-52.35	-21.86
4085	-52.34	-21.86
4086	-52.34	-21.86
4087	-52.33	-21.87
4088	-52.33	-21.87
4089	-52.31	-21.87
4090	-52.32	-21.87
4091	-52.31	-21.87
4092	-52.30	-21.88
4093	-52.29	-21.88
4094	-52.29	-21.88
4095	-52.28	-21.88
4096	-52.27	-21.89
4097	-52.26	-21.89
4098	-52.27	-21.89
4099	-52.26	-21.89
4100	-52.25	-21.89
4101	-52.23	-21.90
4102	-52.24	-21.90
4103	-52.23	-21.90
4104	-52.22	-21.90
4105	-52.22	-21.91
4106	-52.20	-21.91
4107	-52.19	-21.91
4108	-52.19	-21.91
4109	-52.19	-21.91
4110	-52.20	-21.92
4111	-52.17	-21.92
4112	-52.17	-21.92
4113	-52.16	-21.92
4114	-52.15	-21.93
4115	-52.14	-21.93
4116	-52.14	-21.93
4117	-52.13	-21.93
4118	-52.12	-21.93
4119	-52.13	-21.94
4120	-52.10	-21.94
4121	-52.11	-21.94
4122	-52.10	-21.94
4123	-52.09	-21.95
4124	-52.09	-21.95
4125	-52.07	-21.95
4126	-52.07	-21.95
4127	-52.07	-21.95
4128	-52.05	-21.96
4129	-52.05	-21.96
4130	-52.05	-21.96
4131	-52.02	-21.96
4132	-52.03	-21.96
4133	-52.02	-21.97
4134	-52.02	-21.97
4135	-52.00	-21.97
4136	-52.00	-21.97
4137	-51.99	-21.98
4138	-51.98	-21.98
4139	-51.97	-21.98
4140	-51.98	-21.98
4141	-51.96	-21.98
4142	-51.96	-21.99
4143	-51.95	-21.99
4144	-51.94	-21.99
4145	-51.93	-21.99
4146	-51.93	-22.00
4147	-51.92	-22.00
4148	-51.91	-22.00
4149	-51.90	-22.00
4150	-51.91	-22.00
4151	-51.90	-22.01
4152	-51.89	-22.01
4153	-51.88	-22.01
4154	-51.89	-22.01
4155	-51.86	-22.01
4156	-51.86	-22.02
4157	-51.85	-22.02
4158	-51.85	-22.02
4159	-51.84	-22.02
4160	-51.84	-22.03
4161	-51.83	-22.03
4162	-51.82	-22.03
4163	-51.83	-22.03
4164	-51.81	-22.03
4165	-51.78	-22.04
4166	-51.79	-22.04
4167	-51.78	-22.04
4168	-51.79	-22.04
4169	-51.78	-22.04
4170	-51.78	-22.05
4171	-51.76	-22.05
4172	-51.76	-22.05
4173	-51.76	-22.05
4174	-51.73	-22.06
4175	-51.74	-22.06
4176	-51.73	-22.06
4177	-51.72	-22.06
4178	-51.70	-22.07
4179	-51.70	-22.07
4180	-51.71	-22.07
4181	-51.69	-22.07
4182	-51.69	-22.07
4183	-51.69	-22.08
4184	-51.69	-22.08
4185	-51.65	-22.08
4186	-51.66	-22.08
4187	-51.65	-22.09
4188	-51.64	-22.09
4189	-51.64	-22.09
4190	-51.64	-22.09
4191	-51.62	-22.09
4192	-51.61	-22.10
4193	-51.62	-22.10
4194	-51.60	-22.10
4195	-51.59	-22.10
4196	-51.59	-22.10
4197	-51.58	-22.11
4198	-51.57	-22.11
4199	-51.58	-22.11
4200	-51.57	-22.11
4201	-51.57	-22.12
4202	-51.54	-22.12
4203	-51.55	-22.12
4204	-51.54	-22.12
4205	-51.53	-22.12
4206	-51.51	-22.13
4207	-51.51	-22.13
4208	-51.52	-22.13
4209	-51.51	-22.13
4210	-51.49	-22.14
4211	-51.48	-22.14
4212	-51.48	-22.14
4213	-51.48	-22.14
4214	-51.46	-22.14
4215	-51.45	-22.15
4216	-51.44	-22.15
4217	-51.44	-22.15
4218	-51.43	-22.15
4219	-51.43	-22.15
4220	-51.43	-22.16
4221	-51.43	-22.16
4222	-51.41	-22.16
4223	-51.40	-22.16
4224	-51.39	-22.17
4225	-51.40	-22.17
4226	-51.38	-22.17
4227	-51.39	-22.17
4228	-51.36	-22.17
4229	-51.36	-22.18
4230	-51.36	-22.18
4231	-51.34	-22.18
4232	-51.36	-22.18
4233	-51.34	-22.19
4234	-51.32	-22.19
4235	-51.33	-22.19
4236	-51.31	-22.19
4237	-51.31	-22.19
4238	-51.30	-22.20
4239	-51.29	-22.20
4240	-51.29	-22.20
4241	-51.28	-22.20
4242	-51.27	-22.20
4243	-51.28	-22.21
4244	-51.25	-22.21
4245	-51.26	-22.21
4246	-51.24	-22.21
4247	-51.25	-22.21
4248	-51.24	-22.22
4249	-51.23	-22.22
4250	-51.21	-22.22
4251	-51.21	-22.22
4252	-51.20	-22.23
4253	-51.20	-22.23
4254	-51.19	-22.23
4255	-51.20	-22.23
4256	-51.18	-22.23
4257	-51.17	-22.24
4258	-51.16	-22.24
4259	-51.15	-22.24
4260	-51.15	-22.24
4261	-51.14	-22.25
4262	-51.14	-22.25
4263	-51.13	-22.25
4264	-51.11	-22.25
4265	-51.10	-22.25
4266	-51.09	-22.26
4267	-51.10	-22.26
4268	-51.09	-22.26
4269	-51.10	-22.26
4270	-51.07	-22.26
4271	-51.07	-22.27
4272	-51.07	-22.27
4273	-51.06	-22.27
4274	-51.05	-22.27
4275	-51.05	-22.28
4276	-51.04	-22.28
4277	-51.03	-22.28
4278	-51.03	-22.28
4279	-51.02	-22.28
4280	-51.02	-22.29
4281	-51.00	-22.29
4282	-50.99	-22.29
4283	-51.00	-22.29
4284	-50.97	-22.29
4285	-50.97	-22.30
4286	-50.96	-22.30
4287	-50.95	-22.30
4288	-50.96	-22.30
4289	-50.95	-22.31
4290	-50.93	-22.31
4291	-50.94	-22.31
4292	-50.94	-22.31
4293	-50.93	-22.31
4294	-50.92	-22.32
4295	-50.92	-22.32
4296	-50.90	-22.32
4297	-50.90	-22.32
4298	-50.89	-22.33
4299	-50.88	-22.33
4300	-50.88	-22.33
4301	-50.87	-22.33
4302	-50.85	-22.33
4303	-50.85	-22.34
4304	-50.85	-22.34
4305	-50.84	-22.34
4306	-50.82	-22.34
4307	-50.82	-22.34
4308	-50.81	-22.35
4309	-50.81	-22.35
4310	-50.80	-22.35
4311	-50.79	-22.35
4312	-50.79	-22.35
4313	-50.79	-22.36
4314	-50.79	-22.36
4315	-50.77	-22.36
4316	-50.77	-22.36
4317	-50.75	-22.36
4318	-50.76	-22.37
4319	-50.74	-22.37
4320	-50.73	-22.37
4321	-50.73	-22.37
4322	-50.71	-22.38
4323	-50.72	-22.38
4324	-50.70	-22.38
4325	-50.69	-22.38
4326	-50.69	-22.38
4327	-50.69	-22.39
4328	-50.67	-22.39
4329	-50.66	-22.39
4330	-50.66	-22.39
4331	-50.66	-22.39
4332	-50.66	-22.40
4333	-50.64	-22.40
4334	-50.64	-22.40
4335	-50.64	-22.40
4336	-50.63	-22.41
4337	-50.62	-22.41
4338	-50.61	-22.41
4339	-50.59	-22.41
4340	-50.59	-22.41
4341	-50.59	-22.42
4342	-50.58	-22.42
4343	-50.57	-22.42
4344	-50.56	-22.42
4345	-50.55	-22.42
4346	-50.55	-22.43
4347	-50.54	-22.43
4348	-50.55	-22.43
4349	-50.53	-22.43
4350	-50.52	-22.43
4351	-50.53	-22.44
4352	-50.51	-22.44
4353	-50.51	-22.44
4354	-50.50	-22.44
4355	-50.49	-22.45
4356	-50.48	-22.45
4357	-50.47	-22.45
4358	-50.48	-22.45
4359	-50.47	-22.45
4360	-50.47	-22.46
4361	-50.46	-22.46
4362	-50.44	-22.46
4363	-50.44	-22.46
4364	-50.43	-22.46
4365	-50.42	-22.47
4366	-50.42	-22.47
4367	-50.40	-22.47
4368	-50.40	-22.47
4369	-50.39	-22.47
4370	-50.39	-22.48
4371	-50.38	-22.48
4372	-50.37	-22.48
4373	-50.37	-22.48
4374	-50.36	-22.49
4375	-50.34	-22.49
4376	-50.34	-22.49
4377	-50.32	-22.49
4378	-50.33	-22.49
4379	-50.32	-22.49
4380	-50.31	-22.50
4381	-50.31	-22.50
4382	-50.31	-22.50
4383	-50.31	-22.50
4384	-50.29	-22.51
4385	-50.29	-22.51
4386	-50.27	-22.51
4387	-50.27	-22.51
4388	-50.26	-22.51
4389	-50.26	-22.52
4390	-50.24	-22.52
4391	-50.24	-22.52
4392	-50.25	-22.52
4393	-50.22	-22.53
4394	-50.23	-22.53
4395	-50.21	-22.53
4396	-50.20	-22.53
4397	-50.20	-22.53
4398	-50.20	-22.54
4399	-50.18	-22.54
4400	-50.18	-22.54
4401	-50.18	-22.54
4402	-50.17	-22.54
4403	-50.15	-22.55
4404	-50.15	-22.55
4405	-50.15	-22.55
4406	-50.15	-22.55
4407	-50.12	-22.55
4408	-50.12	-22.56
4409	-50.13	-22.56
4410	-50.12	-22.56
4411	-50.10	-22.56
4412	-50.09	-22.56
4413	-50.09	-22.57
4414	-50.07	-22.57
4415	-50.07	-22.57
4416	-50.06	-22.57
4417	-50.06	-22.58
4418	-50.06	-22.58
4419	-50.04	-22.58
4420	-50.04	-22.58
4421	-50.03	-22.58
4422	-50.03	-22.58
4423	-50.03	-22.59
4424	-50.01	-22.59
4425	-49.99	-22.59
4426	-50.00	-22.59
4427	-49.99	-22.60
4428	-49.98	-22.60
4429	-49.96	-22.60
4430	-49.97	-22.60
4431	-49.96	-22.60
4432	-49.95	-22.61
4433	-49.95	-22.61
4434	-49.95	-22.61
4435	-49.93	-22.61
4436	-49.93	-22.61
4437	-49.92	-22.62
4438	-49.90	-22.62
4439	-49.90	-22.62
4440	-49.91	-22.62
4441	-49.90	-22.62
4442	-49.88	-22.63
4443	-49.87	-22.63
4444	-49.87	-22.63
4445	-49.87	-22.63
4446	-49.86	-22.64
4447	-49.85	-22.64
4448	-49.84	-22.64
4449	-49.83	-22.64
4450	-49.85	-22.64
4451	-49.82	-22.65
4452	-49.81	-22.65
4453	-49.81	-22.65
4454	-49.81	-22.65
4455	-49.80	-22.65
4456	-49.80	-22.65
4457	-49.79	-22.66
4458	-49.76	-22.66
4459	-49.77	-22.66
4460	-49.76	-22.66
4461	-49.74	-22.67
4462	-49.74	-22.67
4463	-49.75	-22.67
4464	-49.74	-22.67
4465	-49.71	-22.67
4466	-49.71	-22.68
4467	-49.71	-22.68
4468	-49.71	-22.68
4469	-49.70	-22.68
4470	-49.65	-22.68
4471	-49.69	-22.69
4472	-49.67	-22.69
4473	-49.67	-22.69
4474	-49.65	-22.69
4475	-49.65	-22.69
4476	-49.64	-22.70
4477	-49.65	-22.70
4478	-49.65	-22.70
4479	-49.62	-22.70
4480	-49.62	-22.71
4481	-49.61	-22.71
4482	-49.61	-22.71
4483	-49.60	-22.71
4484	-49.60	-22.71
4485	-49.59	-22.71
4486	-49.57	-22.72
4487	-49.58	-22.72
4488	-49.56	-22.72
4489	-49.55	-22.72
4490	-49.55	-22.73
4491	-49.54	-22.73
4492	-49.54	-22.73
4493	-49.53	-22.73
4494	-49.52	-22.73
4495	-49.51	-22.74
4496	-49.51	-22.74
4497	-49.50	-22.74
4498	-49.49	-22.74
4499	-49.49	-22.74
4500	-49.49	-22.75
4501	-49.48	-22.75
4502	-49.46	-22.75
4503	-49.45	-22.75
4504	-49.44	-22.75
4505	-49.45	-22.76
4506	-49.44	-22.76
4507	-49.43	-22.76
4508	-49.42	-22.76
4509	-49.42	-22.76
4510	-49.41	-22.77
4511	-49.40	-22.77
4512	-49.40	-22.77
4513	-49.38	-22.77
4514	-49.38	-22.77
4515	-49.38	-22.78
4516	-49.38	-22.78
4517	-49.37	-22.78
4518	-49.34	-22.78
4519	-49.34	-22.78
4520	-49.35	-22.79
4521	-49.33	-22.79
4522	-49.33	-22.79
4523	-49.32	-22.79
4524	-49.32	-22.80
4525	-49.31	-22.80
4526	-49.30	-22.80
4527	-49.29	-22.80
4528	-49.29	-22.80
4529	-49.28	-22.81
4530	-49.26	-22.81
4531	-49.27	-22.81
4532	-49.27	-22.81
4533	-49.25	-22.81
4534	-49.25	-22.82
4535	-49.23	-22.82
4536	-49.22	-22.82
4537	-49.22	-22.82
4538	-49.22	-22.82
4539	-49.21	-22.83
4540	-49.21	-22.83
4541	-49.20	-22.83
4542	-49.19	-22.83
4543	-49.18	-22.83
4544	-49.17	-22.84
4545	-49.17	-22.84
4546	-49.16	-22.84
4547	-49.15	-22.84
4548	-49.15	-22.84
4549	-49.13	-22.84
4550	-49.14	-22.85
4551	-49.12	-22.85
4552	-49.12	-22.85
4553	-49.10	-22.85
4554	-49.09	-22.86
4555	-49.10	-22.86
4556	-49.10	-22.86
4557	-49.09	-22.86
4558	-49.07	-22.86
4559	-49.07	-22.87
4560	-49.06	-22.87
4561	-49.05	-22.87
4562	-49.04	-22.87
4563	-49.04	-22.87
4564	-49.02	-22.88
4565	-49.02	-22.88
4566	-49.02	-22.88
4567	-49.02	-22.88
4568	-49.02	-22.88
4569	-49.00	-22.89
4570	-49.00	-22.89
4571	-48.98	-22.89
4572	-48.98	-22.89
4573	-48.97	-22.89
4574	-48.97	-22.90
4575	-48.95	-22.90
4576	-48.95	-22.90
4577	-48.95	-22.90
4578	-48.93	-22.90
4579	-48.94	-22.91
4580	-48.93	-22.91
4581	-48.91	-22.91
4582	-48.90	-22.91
4583	-48.90	-22.91
4584	-48.88	-22.92
4585	-48.89	-22.92
4586	-48.87	-22.92
4587	-48.87	-22.92
4588	-48.86	-22.92
4589	-48.85	-22.93
4590	-48.85	-22.93
4591	-48.85	-22.93
4592	-48.83	-22.93
4593	-48.83	-22.93
4594	-48.83	-22.94
4595	-48.81	-22.94
4596	-48.82	-22.94
4597	-48.80	-22.94
4598	-48.80	-22.94
4599	-48.78	-22.95
4600	-48.78	-22.95
4601	-48.77	-22.95
4602	-48.75	-22.95
4603	-48.76	-22.95
4604	-48.74	-22.96
4605	-48.75	-22.96
4606	-48.73	-22.96
4607	-48.73	-22.96
4608	-48.72	-22.96
4609	-48.72	-22.97
4610	-48.72	-22.97
4611	-48.70	-22.97
4612	-48.70	-22.97
4613	-48.69	-22.97
4614	-48.68	-22.98
4615	-48.67	-22.98
4616	-48.67	-22.98
4617	-48.66	-22.98
4618	-48.65	-22.98
4619	-48.63	-22.99
4620	-48.65	-22.99
4621	-48.63	-22.99
4622	-48.63	-22.99
4623	-48.63	-22.99
4624	-48.60	-23.00
4625	-48.60	-23.00
4626	-48.59	-23.00
4627	-48.58	-23.00
4628	-48.59	-23.00
4629	-48.57	-23.01
4630	-48.57	-23.01
4631	-48.55	-23.01
4632	-48.56	-23.01
4633	-48.55	-23.01
4634	-48.54	-23.02
4635	-48.53	-23.02
4636	-48.53	-23.02
4637	-48.51	-23.02
4638	-48.50	-23.02
4639	-48.49	-23.03
4640	-48.50	-23.03
4641	-48.49	-23.03
4642	-48.49	-23.03
4643	-48.48	-23.03
4644	-48.45	-23.04
4645	-48.46	-23.04
4646	-48.45	-23.04
4647	-48.44	-23.04
4648	-48.43	-23.04
4649	-48.43	-23.05
4650	-48.42	-23.05
4651	-48.42	-23.05
4652	-48.41	-23.05
4653	-48.41	-23.05
4654	-48.41	-23.06
4655	-48.38	-23.06
4656	-48.40	-23.06
4657	-48.38	-23.06
4658	-48.38	-23.06
4659	-48.37	-23.07
4660	-48.35	-23.07
4661	-48.36	-23.07
4662	-48.33	-23.07
4663	-48.33	-23.07
4664	-48.34	-23.08
4665	-48.32	-23.08
4666	-48.32	-23.08
4667	-48.30	-23.08
4668	-48.30	-23.08
4669	-48.29	-23.09
4670	-48.28	-23.09
4671	-48.29	-23.09
4672	-48.27	-23.09
4673	-48.27	-23.09
4674	-48.26	-23.10
4675	-48.26	-23.10
4676	-48.24	-23.10
4677	-48.24	-23.10
4678	-48.23	-23.10
4679	-48.22	-23.11
4680	-48.22	-23.11
4681	-48.22	-23.11
4682	-48.20	-23.11
4683	-48.19	-23.11
4684	-48.18	-23.12
4685	-48.16	-23.12
4686	-48.18	-23.12
4687	-48.16	-23.12
4688	-48.17	-23.12
4689	-48.16	-23.12
4690	-48.15	-23.13
4691	-48.15	-23.13
4692	-48.14	-23.13
4693	-48.14	-23.13
4694	-48.12	-23.13
4695	-48.12	-23.14
4696	-48.09	-23.14
4697	-48.09	-23.14
4698	-48.09	-23.14
4699	-48.08	-23.14
4700	-48.07	-23.15
4701	-48.06	-23.15
4702	-48.06	-23.15
4703	-48.05	-23.15
4704	-48.07	-23.15
4705	-48.04	-23.16
4706	-48.02	-23.16
4707	-48.02	-23.16
4708	-48.02	-23.16
4709	-48.00	-23.16
4710	-48.00	-23.17
4711	-48.00	-23.17
4712	-47.98	-23.17
4713	-47.98	-23.17
4714	-47.97	-23.17
4715	-47.97	-23.18
4716	-47.97	-23.18
4717	-47.96	-23.18
4718	-47.95	-23.18
4719	-47.94	-23.18
4720	-47.92	-23.19
4721	-47.93	-23.19
4722	-47.91	-23.19
4723	-47.91	-23.19
4724	-47.90	-23.19
4725	-47.91	-23.20
4726	-47.89	-23.20
4727	-47.88	-23.20
4728	-47.89	-23.20
4729	-47.87	-23.20
4730	-47.84	-23.20
4731	-47.86	-23.21
4732	-47.86	-23.21
4733	-47.84	-23.21
4734	-47.83	-23.21
4735	-47.83	-23.22
4736	-47.83	-23.22
4737	-47.81	-23.22
4738	-47.81	-23.22
4739	-47.80	-23.22
4740	-47.80	-23.23
4741	-47.79	-23.23
4742	-47.78	-23.23
4743	-47.79	-23.23
4744	-47.75	-23.23
4745	-47.75	-23.23
4746	-47.73	-23.24
4747	-47.73	-23.24
4748	-47.73	-23.24
4749	-47.72	-23.24
4750	-47.72	-23.24
4751	-47.72	-23.25
4752	-47.71	-23.25
4753	-47.70	-23.25
4754	-47.69	-23.25
4755	-47.68	-23.25
4756	-47.68	-23.26
4757	-47.68	-23.26
4758	-47.67	-23.26
4759	-47.65	-23.26
4760	-47.64	-23.26
4761	-47.63	-23.27
4762	-47.63	-23.27
4763	-47.62	-23.27
4764	-47.63	-23.27
4765	-47.59	-23.27
4766	-47.61	-23.28
4767	-47.60	-23.28
4768	-47.59	-23.28
4769	-47.58	-23.28
4770	-47.57	-23.28
4771	-47.58	-23.28
4772	-47.56	-23.29
4773	-47.55	-23.29
4774	-47.56	-23.29
4775	-47.54	-23.29
4776	-47.53	-23.29
4777	-47.53	-23.30
4778	-47.52	-23.30
4779	-47.50	-23.30
4780	-47.51	-23.30
4781	-47.50	-23.30
4782	-47.49	-23.31
4783	-47.48	-23.31
4784	-47.49	-23.31
4785	-47.47	-23.31
4786	-47.47	-23.31
4787	-47.45	-23.32
4788	-47.45	-23.32
4789	-47.45	-23.32
4790	-47.44	-23.32
4791	-47.42	-23.32
4792	-47.42	-23.33
4793	-47.41	-23.33
4794	-47.40	-23.33
4795	-47.40	-23.33
4796	-47.39	-23.33
4797	-47.38	-23.34
4798	-47.37	-23.34
4799	-47.35	-23.34
4800	-47.37	-23.34
4801	-47.36	-23.34
4802	-47.35	-23.35
4803	-47.35	-23.35
4804	-47.32	-23.35
4805	-47.33	-23.35
4806	-47.32	-23.35
4807	-47.31	-23.35
4808	-47.30	-23.36
4809	-47.31	-23.36
4810	-47.29	-23.36
4811	-47.30	-23.36
4812	-47.29	-23.36
4813	-47.28	-23.37
4814	-47.25	-23.37
4815	-47.27	-23.37
4816	-47.24	-23.37
4817	-47.24	-23.37
4818	-47.23	-23.38
4819	-47.22	-23.38
4820	-47.23	-23.38
4821	-47.21	-23.38
4822	-47.20	-23.38
4823	-47.20	-23.39
4824	-47.18	-23.39
4825	-47.18	-23.39
4826	-47.18	-23.39
4827	-47.17	-23.39
4828	-47.17	-23.40
4829	-47.16	-23.40
4830	-47.15	-23.40
4831	-47.15	-23.40
4832	-47.14	-23.40
4833	-47.13	-23.40
4834	-47.13	-23.41
4835	-47.13	-23.41
4836	-47.11	-23.41
4837	-47.09	-23.41
4838	-47.10	-23.41
4839	-47.09	-23.42
4840	-47.08	-23.42
4841	-47.07	-23.42
4842	-47.07	-23.42
4843	-47.07	-23.42
4844	-47.04	-23.43
4845	-47.02	-23.43
4846	-47.03	-23.43
4847	-47.02	-23.43
4848	-47.03	-23.43
4849	-47.02	-23.44
4850	-47.01	-23.44
4851	-47.00	-23.44
4852	-46.99	-23.44
4853	-46.98	-23.44
4854	-46.98	-23.45
4855	-46.96	-23.45
4856	-46.95	-23.45
4857	-46.96	-23.45
4858	-46.95	-23.45
4859	-46.95	-23.46
4860	-46.94	-23.46
4861	-46.94	-23.46
4862	-46.92	-23.46
4863	-46.90	-23.46
4864	-46.92	-23.46
4865	-46.90	-23.47
4866	-46.88	-23.47
4867	-46.88	-23.47
4868	-46.88	-23.47
4869	-46.87	-23.47
4870	-46.86	-23.48
4871	-46.85	-23.48
4872	-46.85	-23.48
4873	-46.85	-23.48
4874	-46.85	-23.48
4875	-46.84	-23.49
4876	-46.82	-23.49
4877	-46.81	-23.49
4878	-46.81	-23.49
4879	-46.79	-23.49
4880	-46.80	-23.50
4881	-46.78	-23.50
4882	-46.78	-23.50
4883	-46.78	-23.50
4884	-46.75	-23.50
4885	-46.76	-23.50
4886	-46.75	-23.51
4887	-46.74	-23.51
4888	-46.74	-23.51
4889	-46.73	-23.51
4890	-46.71	-23.51
4891	-46.72	-23.52
4892	-46.71	-23.52
4893	-46.70	-23.52
4894	-46.70	-23.52
4895	-46.69	-23.52
4896	-46.69	-23.53
4897	-46.67	-23.53
4898	-46.67	-23.53
4899	-46.67	-23.53
4900	-46.66	-23.53
4901	-46.66	-23.54
4902	-46.64	-23.54
4903	-46.63	-23.54
4904	-46.62	-23.54
4905	-46.64	-23.54
4906	-46.62	-23.54
4907	-46.59	-23.55
4908	-46.60	-23.55
4909	-46.59	-23.55
4910	-46.61	-23.55
4911	-46.57	-23.55
4912	-46.56	-23.56
4913	-46.56	-23.56
4914	-46.55	-23.56
4915	-46.55	-23.56
4916	-46.54	-23.56
4917	-46.53	-23.57
4918	-46.52	-23.57
4919	-46.52	-23.57
4920	-46.49	-23.57
4921	-46.50	-23.57
4922	-46.50	-23.58
4923	-46.50	-23.58
4924	-46.47	-23.58
4925	-46.46	-23.58
4926	-46.47	-23.58
4927	-46.46	-23.58
4928	-46.45	-23.59
4929	-46.44	-23.59
4930	-46.46	-23.59
4931	-46.43	-23.59
4932	-46.42	-23.59
4933	-46.41	-23.60
4934	-46.41	-23.60
4935	-46.40	-23.60
4936	-46.39	-23.60
4937	-46.39	-23.60
4938	-46.38	-23.61
4939	-46.38	-23.61
4940	-46.35	-23.61
4941	-46.37	-23.61
4942	-46.36	-23.61
4943	-46.34	-23.61
4944	-46.34	-23.62
4945	-46.33	-23.62
4946	-46.32	-23.62
4947	-46.31	-23.62
4948	-46.31	-23.62
4949	-46.30	-23.63
4950	-46.30	-23.63
4951	-46.30	-23.63
4952	-46.28	-23.63
4953	-46.28	-23.63
4954	-46.25	-23.64
4955	-46.25	-23.64
4956	-46.26	-23.64
4957	-46.24	-23.64
4958	-46.24	-23.64
4959	-46.24	-23.64
4960	-46.22	-23.65
4961	-46.22	-23.65
4962	-46.21	-23.65
4963	-46.20	-23.65
4964	-46.21	-23.65
4965	-46.18	-23.66
4966	-46.17	-23.66
4967	-46.17	-23.66
4968	-46.17	-23.66
4969	-46.17	-23.66
4970	-46.16	-23.67
4971	-46.14	-23.67
4972	-46.14	-23.67
4973	-46.12	-23.67
4974	-46.13	-23.67
4975	-46.11	-23.68
4976	-46.11	-23.68
4977	-46.10	-23.68
4978	-46.09	-23.68
4979	-46.09	-23.68
4980	-46.09	-23.68
4981	-46.07	-23.69
4982	-46.06	-23.69
4983	-46.05	-23.69
4984	-46.05	-23.69
4985	-46.04	-23.69
4986	-46.04	-23.70
4987	-46.04	-23.70
4988	-46.02	-23.70
4989	-46.01	-23.70
4990	-46.01	-23.70
4991	-46.01	-23.70
4992	-46.00	-23.71
4993	-45.99	-23.71
4994	-45.97	-23.71
4995	-45.97	-23.71
4996	-45.97	-23.71
4997	-45.96	-23.72
4998	-45.95	-23.72
4999	-45.94	-23.72
5000	-45.95	-23.72
